# SIV,NeII,NeII and SIII for irc1,irc2,irc3,irc4,irc5,irc6,irc7,irc8,bulge,isocvf
5.748590000000000101e-10 5.573059999999999778e-10 0.000000000000000000e+00 2.218679999999999880e-10
0.000000000000000000e+00 6.146840000000000251e-10 2.901957002370000000e-10 8.657519999999999485e-11
0.000000000000000000e+00 8.719910000000000135e-10 5.593030000000000486e-10 4.321229999999999770e-10
0.000000000000000000e+00 1.725029999999999987e-10 5.810050000000000270e-11 1.275419999999999976e-10
0.000000000000000000e+00 4.203940285830000000e-10 2.486320000000000157e-10 2.185560000000000102e-10
0.000000000000000000e+00 2.043249999999999898e-10 5.417919999999999629e-10 5.336679999999999608e-10
2.263789999999999893e-10 9.918480000000000267e-10 0.000000000000000000e+00 7.586979999999999582e-10
4.866321494980000000e-10 0.000000000000000000e+00 1.157829999999999919e-09 6.467930000000000225e-10
0.000000000000000000e+00 1.848360000000000015e-09 7.083159999999999557e-10 1.982250000000000057e-10
0.000000000000000000e+00 3.790119999999999729e-09 6.515609999999999796e-10 1.526650000000000100e-09
