5.242817	0.4595892
5.273802	0.4961182
5.304788	0.4448476
5.335773	0.4310409
5.366758	0.3794988
5.397744	0.3515225
5.428729	0.3354718
5.459714	0.2930981
5.4907	0.2829996
5.521685	0.27524
5.55267	0.2688151
5.583656	0.2630952
5.614641	0.2967953
5.645627	0.2785456
5.676612	0.2677581
5.707598	0.2609182
5.738583	0.2665597
5.769568	0.2728252
5.800553	0.2939938
5.831539	0.3266967
5.862525	0.3124416
5.89351	0.3462641
5.924495	0.3473852
5.955481	0.3743724
5.986466	0.3811964
6.017451	0.3743522
6.048437	0.3468138
6.079422	0.3072373
6.110407	0.2842701
6.141393	0.283806
6.172378	0.2761822
6.203363	0.2792524
6.234349	0.244644
6.265334	0.2513052
6.296319	0.2486856
6.327305	0.2737908
6.35829	0.2607315
6.389276	0.2551592
6.420261	0.2398897
6.451246	0.2577077
6.482232	0.2630795
6.513217	0.2907557
6.544202	0.3290535
6.575188	0.3589321
6.606173	0.3645724
6.637158	0.3727884
6.668144	0.3680552
6.699129	0.3656091
6.730114	0.3549694
6.7611	0.344311
6.792085	0.3427058
6.823071	0.3584532
6.854056	0.3452733
6.885041	0.3441938
6.916027	0.3357983
6.947012	0.3192243
6.977998	0.3221554
7.008983	0.3508246
7.039968	0.3350933
7.070954	0.3255824
7.101939	0.3243751
7.132924	0.3358927
7.16391	0.3504912
7.194895	0.3686044
7.225881	0.3817026
7.256866	0.411426
7.287851	0.4361095
7.318837	0.4952888
7.349822	0.5266055
7.380807	0.5354867
7.411793	0.5199991
7.442778	0.5169523
7.473763	0.5128925
7.504749	0.5222109
7.535734	0.5236423
7.595799	0.3182968
7.657894	0.3352206
7.719988	0.2942812
7.782082	0.2621963
7.844176	0.2457697
7.906271	0.2467092
7.968365	0.2204331
8.030458	0.2271443
8.092554	0.2278503
8.154648	0.2058967
8.216742	0.2072431
8.278836	0.2333158
8.34093	0.2211184
8.403025	0.2105793
8.465118	0.2425005
8.527213	0.2313542
8.589307	0.2397659
8.651402	0.2254647
8.713495	0.2183161
8.77559	0.1984439
8.837685	0.1855763
8.899778	0.1748893
8.961872	0.1741439
9.023967	0.169386
9.086061	0.1633555
9.148155	0.1686623
9.210249	0.1537672
9.272344	0.159014
9.334438	0.1477944
9.396532	0.1548706
9.458626	0.1570596
9.52072	0.148185
9.582815	0.1592123
9.644909	0.1496378
9.707003	0.1534244
9.769097	0.1522023
9.831192	0.1507384
9.893286	0.1604892
9.95538	0.1684114
10.01747	0.1639191
10.07957	0.1803152
10.14166	0.1767808
10.20376	0.1698311
10.26585	0.1616232
10.32795	0.1605645
10.39004	0.1689235
10.45213	0.1483229
10.51423	0.1462418
10.57632	0.1435334
10.63842	0.1493397
10.70051	0.1300356
10.7626	0.137268
10.8247	0.1334713
10.88679	0.1386756
10.94889	0.132587
11.01098	0.1431121
11.07308	0.147934
11.13517	0.162493
11.19726	0.144254
11.25936	0.1585317
11.32145	0.1648764
11.38355	0.1639618
11.44564	0.1921486
11.50774	0.180641
11.56983	0.198974
11.63192	0.1967655
11.69402	0.1914021
11.75611	0.1733642
11.81821	0.1756026
11.8803	0.1704447
11.9424	0.1451389
12.00449	0.1521519
12.06658	0.1483531
12.12868	0.149371
12.19077	0.1428474
12.25287	0.1494755
12.31496	0.1421656
12.37705	0.1407531
12.43915	0.1391541
12.50124	0.1474762
12.56334	0.1448419
12.62543	0.149933
12.68753	0.1640655
12.74962	0.1610093
12.81171	0.1659243
12.87381	0.1704155
12.9359	0.1742454
12.998	0.186677
13.06009	0.1844388
13.12218	0.1954947
13.18428	0.1795218
13.24637	0.1849948
13.30847	0.1640915
13.37056	0.1655383
13.43266	0.1571586
13.49475	0.1609059
13.55684	0.1518409
13.61894	0.1514201
13.68103	0.1531149
13.74313	0.1667871
13.80522	0.1612173
13.86732	0.1610124
13.92941	0.1630024
13.9915	0.1693771
14.0536	0.1908039
14.11569	0.2044334
14.17779	0.2117588
14.23988	0.2218829
14.30198	0.2256053
14.36407	0.2269165
14.42616	0.2339958
14.48826	0.2284674
14.54169	0.06095716
14.63338	0.06222469
14.72508	0.06502294
14.81677	0.06560018
14.90846	0.0614408
15.00015	0.06082723
15.09185	0.05968333
15.18354	0.05760032
15.27523	0.06248223
15.36693	0.0611065
15.45862	0.0686927
15.55031	0.05822129
15.642	0.0567314
15.7337	0.05847928
15.82539	0.0754277
15.91708	0.06807893
16.00878	0.06969368
16.10047	0.07715873
16.19216	0.07572024
16.28386	0.07279171
16.37555	0.07768324
16.46724	0.07198293
16.55893	0.07581685
16.65063	0.0701708
16.74232	0.06643564
16.83401	0.07298353
16.9257	0.0687324
17.0174	0.06902885
17.10909	0.06633313
17.20078	0.06363871
17.29248	0.06929966
17.38417	0.06559645
17.47586	0.06844554
17.56756	0.06306966
17.65925	0.06174198
17.75094	0.06338163
17.84263	0.0706099
17.93433	0.0683312
18.02602	0.06422864
18.11771	0.06594444
18.20941	0.0768621
18.3011	0.1405644
18.39279	0.06485151
18.48449	0.06619556
18.57618	0.07084592
18.66787	0.06768146
18.75956	0.07237917
18.85126	0.07546133
18.94295	0.08419223
19.03464	0.2394127
19.12634	0.1022703
19.21803	0.09782843
19.30972	0.1022825
19.40141	0.1086104
19.49311	0.1060131
19.5848	0.1209954
19.67649	0.1246844
19.76819	0.1226267
19.85988	0.1201056
19.95157	0.1063142
20.04326	0.1301793
20.13496	0.09968119
20.22665	0.1108738
20.31834	0.09861568
20.41004	0.1019987
20.50173	0.1210279
20.59342	0.1040405
20.68512	0.1273355
20.77681	0.1242255
20.8685	0.1264671
20.96019	0.1212212
21.05189	0.1358786
