5.242817	0.1162817
5.273802	0.1254445
5.304788	0.1134256
5.335773	0.0955745
5.366758	0.09217256
5.397744	0.08765032
5.428729	0.08294193
5.459714	0.07748628
5.4907	0.07485034
5.521685	0.06938203
5.55267	0.06956617
5.583656	0.07121335
5.614641	0.06780492
5.645627	0.06528322
5.676612	0.06449518
5.707598	0.06537274
5.738583	0.06354861
5.769568	0.07569215
5.800553	0.07764594
5.831539	0.07881597
5.862525	0.08404242
5.89351	0.09171976
5.924495	0.09356447
5.955481	0.09614626
5.986466	0.09759851
6.017451	0.09414892
6.048437	0.09110019
6.079422	0.08769154
6.110407	0.08033992
6.141393	0.0781154
6.172378	0.07714903
6.203363	0.07440065
6.234349	0.06940274
6.265334	0.07217123
6.296319	0.07163049
6.327305	0.08461366
6.35829	0.07842083
6.389276	0.07913574
6.420261	0.07732724
6.451246	0.07454626
6.482232	0.07611758
6.513217	0.08461417
6.544202	0.09584206
6.575188	0.1043314
6.606173	0.1157549
6.637158	0.1119628
6.668144	0.1122748
6.699129	0.1069114
6.730114	0.1024867
6.7611	0.1035796
6.792085	0.1052459
6.823071	0.1041091
6.854056	0.1020726
6.885041	0.1020725
6.916027	0.0954501
6.947012	0.099288
6.977998	0.0980112
7.008983	0.1002865
7.039968	0.1033461
7.070954	0.1013402
7.101939	0.09932096
7.132924	0.1006838
7.16391	0.1007176
7.194895	0.1046542
7.225881	0.1168155
7.256866	0.1382619
7.287851	0.1614744
7.318837	0.1534047
7.349822	0.1547895
7.380807	0.1643031
7.411793	0.1595414
7.442778	0.1547177
7.533706	0.08592288
7.595799	0.07815004
7.657894	0.07612194
7.719988	0.0658282
7.782082	0.05992599
7.844176	0.05704545
7.906271	0.05906954
7.968365	0.05781076
8.030458	0.0574218
8.092554	0.05851244
8.154648	0.05366348
8.216742	0.05447303
8.278836	0.05303797
8.34093	0.05260574
8.403025	0.05502755
8.465118	0.06021803
8.527213	0.05751094
8.589307	0.06145229
8.651402	0.05651036
8.713495	0.05286336
8.77559	0.05071326
8.837685	0.04652098
8.899778	0.04390354
8.961872	0.04570358
9.023967	0.04401737
9.086061	0.0408393
9.148155	0.04056523
9.210249	0.03883713
9.272344	0.03792949
9.334438	0.03923313
9.396532	0.04076525
9.458626	0.04185029
9.52072	0.03679545
9.582815	0.03713502
9.644909	0.03518289
9.707003	0.03764958
9.769097	0.03980138
9.831192	0.04029731
9.893286	0.04066923
9.95538	0.04305203
10.01747	0.04324859
10.07957	0.04598193
10.14166	0.04652997
10.20376	0.04142461
10.26585	0.03940176
10.32795	0.03979595
10.39004	0.03837899
10.45213	0.03944741
10.51423	0.03886103
10.57632	0.03536996
10.63842	0.03717338
10.70051	0.03574915
10.7626	0.03370717
10.8247	0.03478733
10.88679	0.03605419
10.94889	0.04201052
11.01098	0.03623198
11.07308	0.03822425
11.13517	0.03747392
11.19726	0.03952251
11.25936	0.04263738
11.32145	0.04930552
11.38355	0.0440057
11.44564	0.04668236
11.50774	0.04865335
11.56983	0.05399468
11.63192	0.05174297
11.69402	0.04972663
11.75611	0.04715887
11.81821	0.04420161
11.8803	0.04255974
11.9424	0.04255168
12.00449	0.04334811
12.06658	0.0407659
12.12868	0.04123153
12.19077	0.0419106
12.25287	0.0407523
12.31496	0.04050094
12.37705	0.04149679
12.43915	0.04286138
12.50124	0.04387834
12.56334	0.04376511
12.62543	0.04232612
12.68753	0.04447541
12.74962	0.04678462
12.81171	0.04801898
12.87381	0.05357002
12.9359	0.05493835
12.998	0.05861291
13.06009	0.05698132
13.12218	0.05929233
13.18428	0.05549796
13.24637	0.05579858
13.30847	0.05241952
13.37056	0.05153021
13.43266	0.05003119
13.49475	0.05054777
13.55684	0.04663359
13.61894	0.04596857
13.68103	0.04756527
13.74313	0.04974551
13.80522	0.05015719
13.86732	0.05560229
13.92941	0.05181212
13.9915	0.06011488
14.0536	0.05770582
14.11569	0.0633278
14.17779	0.06785017
14.23988	0.06823813
14.30198	0.06929592
14.36407	0.06839953
14.42616	0.07888056
14.48826	0.07174128
14.55035	0.07119277
14.63338	0.0720316
14.72508	0.03724533
14.81677	0.04680133
14.90846	0.03078891
15.00015	0.0273719
15.09185	0.0247633
15.18354	0.03209934
15.27523	0.02729042
15.36693	0.02770931
15.45862	0.0264542
15.55031	0.02728832
15.642	0.02579232
15.7337	0.02479545
15.82539	0.0541087
15.91708	0.03179965
16.00878	0.07615407
16.10047	0.04106425
16.19216	0.04344025
16.28386	0.03976772
16.37555	0.03592001
16.46724	0.03428529
16.55893	0.03171537
16.65063	0.04021684
16.74232	0.03216499
16.83401	0.04422028
16.9257	0.04090982
17.0174	0.03032815
17.10909	0.03021564
17.20078	0.0350338
17.29248	0.02959001
17.38417	0.06951586
17.47586	0.03370862
17.56756	0.02857863
17.65925	0.04751168
17.75094	0.03171571
17.84263	0.0323742
17.93433	0.04227239
18.02602	0.03022984
18.11771	0.02990512
18.20941	0.03411822
18.3011	0.03640463
18.39279	0.03666765
18.48449	0.04809895
18.57618	0.09386178
18.66787	0.03707904
18.75956	0.03672346
18.85126	0.03342548
18.94295	0.0387725
19.03464	0.04778623
19.12634	0.04575018
19.21803	0.137811
19.30972	0.045545
19.40141	0.04799915
19.49311	0.0719731
19.5848	0.05345859
19.67649	0.05339634
19.76819	0.1315016
19.85988	0.05197651
19.95157	0.05137636
20.04326	0.04966878
20.13496	0.04563327
20.22665	0.05347214
20.31834	0.04446988
20.41004	0.04801494
20.50173	0.0572181
20.59342	0.1555751
20.68512	0.05361219
20.77681	0.05819733
20.8685	0.06428307
20.96019	0.06236332
21.05189	0.170529
