5.242817	0.1179636
5.273802	0.1250647
5.304788	0.112461
5.335773	0.09584566
5.366758	0.09197483
5.397744	0.0881026
5.428729	0.08271061
5.459714	0.07568931
5.4907	0.06876342
5.521685	0.06729359
5.55267	0.06639782
5.583656	0.06720199
5.614641	0.06929775
5.645627	0.06519703
5.676612	0.06131163
5.707598	0.06275208
5.738583	0.06167316
5.769568	0.06824468
5.800553	0.07529397
5.831539	0.07856057
5.862525	0.08393373
5.89351	0.08882996
5.924495	0.09359371
5.955481	0.09690183
5.986466	0.09422339
6.017451	0.09181542
6.048437	0.0911148
6.079422	0.08595048
6.110407	0.07811316
6.141393	0.07626926
6.172378	0.07618734
6.203363	0.07540733
6.234349	0.07417052
6.265334	0.06811163
6.296319	0.07218727
6.327305	0.07893756
6.35829	0.07467704
6.389276	0.07774847
6.420261	0.07774062
6.451246	0.07262211
6.482232	0.075877
6.513217	0.08279282
6.544202	0.09387696
6.575188	0.1016642
6.606173	0.1085817
6.637158	0.1072591
6.668144	0.1127657
6.699129	0.1079649
6.730114	0.101884
6.7611	0.1060117
6.792085	0.1077076
6.823071	0.1067766
6.854056	0.1029602
6.885041	0.09932496
6.916027	0.09499104
6.947012	0.09712262
6.977998	0.09650841
7.008983	0.1018275
7.039968	0.1003524
7.070954	0.1043009
7.101939	0.1001971
7.132924	0.09943742
7.16391	0.09942504
7.194895	0.1024711
7.225881	0.1167551
7.256866	0.1466801
7.287851	0.1393507
7.318837	0.139987
7.349822	0.1554826
7.380807	0.163417
7.411793	0.1534083
7.442778	0.1489497
7.473763	0.1473096
7.504749	0.1506649
7.535734	0.1556066
7.595799	0.07719259
7.657894	0.07584543
7.719988	0.06556183
7.782082	0.05864836
7.844176	0.05772877
7.906271	0.05798247
7.968365	0.05914432
8.030458	0.0567682
8.092554	0.05289886
8.154648	0.0521513
8.216742	0.05355802
8.278836	0.05412925
8.34093	0.05391565
8.403025	0.05486623
8.465118	0.05768783
8.527213	0.05720905
8.589307	0.05997431
8.651402	0.05587863
8.713495	0.05422149
8.77559	0.04993108
8.837685	0.04950991
8.899778	0.04367689
8.961872	0.04280809
9.023967	0.04382223
9.086061	0.04110399
9.148155	0.03932221
9.210249	0.03823105
9.272344	0.03894767
9.334438	0.03885455
9.396532	0.04050985
9.458626	0.03901121
9.52072	0.038174
9.582815	0.04074302
9.644909	0.03506116
9.707003	0.0404783
9.769097	0.03965069
9.831192	0.03989927
9.893286	0.04251629
9.95538	0.04282901
10.01747	0.0439985
10.07957	0.04500283
10.14166	0.04301742
10.20376	0.04101797
10.26585	0.04054214
10.32795	0.03994082
10.39004	0.0389015
10.45213	0.03891866
10.51423	0.03651436
10.57632	0.03530971
10.63842	0.03460523
10.70051	0.03528528
10.7626	0.03341352
10.8247	0.03892959
10.88679	0.03659008
10.94889	0.03402196
11.01098	0.03688853
11.07308	0.0375513
11.13517	0.037803
11.19726	0.03943219
11.25936	0.04078628
11.32145	0.0452612
11.38355	0.04491868
11.44564	0.04713395
11.50774	0.0478663
11.56983	0.05101036
11.63192	0.05146217
11.69402	0.05265707
11.75611	0.04689354
11.81821	0.04434631
11.8803	0.05559926
11.9424	0.04102192
12.00449	0.04158477
12.06658	0.04046672
12.12868	0.03981462
12.19077	0.04196832
12.25287	0.0412397
12.31496	0.03985287
12.37705	0.04205164
12.43915	0.04149937
12.50124	0.04195831
12.56334	0.04387913
12.62543	0.04254924
12.68753	0.0456015
12.74962	0.05213837
12.81171	0.04998302
12.87381	0.05157625
12.9359	0.05448682
12.998	0.06615153
13.06009	0.05807374
13.12218	0.05969619
13.18428	0.05733591
13.24637	0.05570566
13.30847	0.0535031
13.37056	0.05117849
13.43266	0.05188859
13.49475	0.05234918
13.55684	0.05312196
13.61894	0.04698508
13.68103	0.04975674
13.74313	0.04862835
13.80522	0.04985176
13.86732	0.05003201
13.92941	0.05261341
13.9915	0.05604143
14.0536	0.05726481
14.11569	0.06261608
14.17779	0.06815995
14.23988	0.07167397
14.30198	0.06976081
14.36407	0.0685076
14.45	0.03197571
14.54169	0.03531098
14.63338	0.02973102
14.72508	0.03288325
14.81677	0.03446079
14.90846	0.03761224
15.00015	0.0279475
15.09185	0.02724334
15.18354	0.03278045
15.27523	0.02758635
15.36693	0.02699237
15.45862	0.03493179
15.55031	0.02630667
15.642	0.02565578
15.7337	0.02511143
15.82539	0.02698257
15.91708	0.0312776
16.00878	0.03445542
16.10047	0.0335185
16.19216	0.03191901
16.28386	0.03405866
16.37555	0.03602945
16.46724	0.03427863
16.55893	0.05645299
16.65063	0.09403633
16.74232	0.05196811
16.83401	0.03360372
16.9257	0.03311346
17.0174	0.0305766
17.10909	0.02833826
17.20078	0.0296596
17.29248	0.02963066
17.38417	0.07317742
17.47586	0.03270859
17.56756	0.02841009
17.65925	0.02914787
17.75094	0.02881513
17.84263	0.03184721
17.93433	0.0442703
18.02602	0.02923904
18.11771	0.03812098
18.20941	0.02976749
18.3011	0.03645524
18.39279	0.1198467
18.48449	0.02871534
18.57618	0.03776022
18.66787	0.04177056
18.75956	0.0329772
18.85126	0.03872907
18.94295	0.1002382
19.03464	0.03685306
19.12634	0.04372187
19.21803	0.04346929
19.30972	0.04425741
19.40141	0.05294754
19.49311	0.08534514
19.5848	0.06248843
19.67649	0.05298748
19.76819	0.06454109
19.85988	0.05251591
19.95157	0.04624498
20.04326	0.04760111
20.13496	0.04770141
20.22665	0.051677
20.31834	0.0426916
20.41004	0.04749654
20.50173	0.05693854
20.59342	0.0472342
20.68512	0.05247696
20.77681	0.188235
20.8685	0.05847803
20.96019	0.06475028
21.05189	0.05692726
