5.242817	0.4529857
5.273802	0.5055729
5.304788	0.4482327
5.335773	0.4015822
5.366758	0.3725227
5.397744	0.3585306
5.428729	0.3379453
5.459714	0.2955506
5.4907	0.2916234
5.521685	0.2630266
5.55267	0.2726059
5.583656	0.2688917
5.614641	0.274839
5.645627	0.2547658
5.676612	0.266779
5.707598	0.2651542
5.738583	0.2658983
5.769568	0.2723803
5.800553	0.2815224
5.831539	0.3043676
5.862525	0.3020123
5.89351	0.3330565
5.924495	0.3443089
5.955481	0.3793324
5.986466	0.3592764
6.017451	0.3489203
6.048437	0.3259584
6.079422	0.3025225
6.110407	0.266256
6.141393	0.2722233
6.172378	0.2688346
6.203363	0.273678
6.234349	0.231494
6.265334	0.2406209
6.296319	0.2362896
6.327305	0.2469119
6.35829	0.2463666
6.389276	0.2521726
6.420261	0.2390779
6.451246	0.2543002
6.482232	0.2601113
6.513217	0.2748921
6.544202	0.3119904
6.575188	0.3509203
6.606173	0.3553129
6.637158	0.3635603
6.668144	0.348321
6.699129	0.36317
6.730114	0.3455872
6.7611	0.331515
6.792085	0.3452159
6.823071	0.3377393
6.854056	0.3282145
6.885041	0.3187964
6.916027	0.3269656
6.947012	0.3088977
6.977998	0.308993
7.008983	0.3237031
7.039968	0.3309523
7.070954	0.3273517
7.101939	0.316822
7.132924	0.3178297
7.16391	0.3276311
7.194895	0.3608344
7.225881	0.3745859
7.256866	0.3907036
7.287851	0.4384256
7.318837	0.4602562
7.349822	0.485719
7.380807	0.5046185
7.411793	0.5130718
7.442778	0.5092304
7.473763	0.5047302
7.504749	0.4891375
7.535734	0.5035722
7.56672	0.5044673
7.595799	0.3112583
7.657894	0.3191549
7.719988	0.26546
7.782082	0.2621163
7.844176	0.223635
7.906271	0.238049
7.968365	0.2174386
8.030458	0.2444675
8.092554	0.2197755
8.154648	0.1994059
8.216742	0.2003876
8.278836	0.2184262
8.34093	0.2093807
8.403025	0.2075708
8.465118	0.2391929
8.527213	0.2246885
8.589307	0.2332053
8.651402	0.2194854
8.713495	0.2101501
8.77559	0.1974966
8.837685	0.1808071
8.899778	0.1695757
8.961872	0.1688221
9.023967	0.1683469
9.086061	0.1547778
9.148155	0.159041
9.210249	0.147906
9.272344	0.1600345
9.334438	0.160873
9.396532	0.1432657
9.458626	0.1536108
9.52072	0.1382322
9.582815	0.1470293
9.644909	0.1491237
9.707003	0.1559712
9.769097	0.1430909
9.831192	0.1455303
9.893286	0.1559785
9.95538	0.1736612
10.01747	0.1649332
10.07957	0.1716501
10.14166	0.1668748
10.20376	0.1662071
10.26585	0.1551251
10.32795	0.1446388
10.39004	0.1572065
10.45213	0.1440364
10.51423	0.1443408
10.57632	0.1400977
10.63842	0.1466905
10.70051	0.1239722
10.7626	0.1313196
10.8247	0.1260847
10.88679	0.1358593
10.94889	0.1299563
11.01098	0.1389269
11.07308	0.1439561
11.13517	0.1507133
11.19726	0.1399059
11.25936	0.154188
11.32145	0.1566212
11.38355	0.1678122
11.44564	0.188198
11.50774	0.1750307
11.56983	0.1846732
11.63192	0.1883187
11.69402	0.1787219
11.75611	0.1634375
11.81821	0.17095
11.8803	0.1545885
11.9424	0.1442881
12.00449	0.1624406
12.06658	0.1375067
12.12868	0.1392912
12.19077	0.13832
12.25287	0.1444418
12.31496	0.1411824
12.37705	0.1413565
12.43915	0.1385821
12.50124	0.1435855
12.56334	0.1347643
12.62543	0.1463626
12.68753	0.1628009
12.74962	0.1573934
12.81171	0.1647219
12.87381	0.1646833
12.9359	0.172456
12.998	0.1840964
13.06009	0.1837263
13.12218	0.1845677
13.18428	0.1786713
13.24637	0.1849838
13.30847	0.1645181
13.37056	0.1615353
13.43266	0.1606352
13.49475	0.1629618
13.55684	0.1501241
13.61894	0.1478442
13.68103	0.141021
13.74313	0.173755
13.80522	0.1686627
13.86732	0.1602125
13.92941	0.1694279
13.9915	0.1710502
14.0536	0.1888807
14.11569	0.2104126
14.17779	0.2155807
14.23988	0.2179239
14.30198	0.2174309
14.36407	0.2316082
14.42616	0.2346101
14.48826	0.2396954
14.55035	0.2273141
14.61245	0.2159455
14.63338	0.06377176
14.72508	0.0675072
14.81677	0.06618869
14.90846	0.06271824
15.00015	0.06027858
15.09185	0.05682466
15.18354	0.2837596
15.27523	0.06259359
15.36693	0.07370065
15.45862	0.05893394
15.55031	0.05727005
15.642	0.05668062
15.7337	0.06161635
15.82539	0.06215296
15.91708	0.06624448
16.00878	0.0723677
16.10047	0.06905045
16.19216	0.07367031
16.28386	0.07326084
16.37555	0.0870183
16.46724	0.07314192
16.55893	0.07369611
16.65063	0.0712617
16.74232	0.06794033
16.83401	0.232896
16.9257	0.07403965
17.0174	0.07082953
17.10909	0.07075344
17.20078	0.06674368
17.29248	0.06939591
17.38417	0.06806931
17.47586	0.06907712
17.56756	0.05920995
17.65925	0.06269483
17.75094	0.06175633
17.84263	0.07262767
17.93433	0.06781793
18.02602	0.06778536
18.11771	0.06603891
18.20941	0.07047508
18.3011	0.06759803
18.39279	0.06498443
18.48449	0.06758235
18.57618	0.07545578
18.66787	0.1777042
18.75956	0.0746907
18.85126	0.07562124
18.94295	0.08576023
19.03464	0.08118709
19.12634	0.09247013
19.21803	0.09671191
19.30972	0.1051102
19.40141	0.1089839
19.49311	0.1074583
19.5848	0.1277168
19.67649	0.1244809
19.76819	0.1295021
19.85988	0.1351106
19.95157	0.1052902
20.04326	0.1287833
20.13496	0.1137712
20.22665	0.154658
20.31834	0.1286169
20.41004	0.1080316
20.50173	0.1138983
20.59342	0.1040794
20.68512	0.120083
20.77681	0.1225995
20.8685	0.1365403
20.96019	0.1222317
21.05189	0.1447078
