5.242817	0.1185808
5.273802	0.1332061
5.304788	0.115638
5.335773	0.09627345
5.366758	0.09655818
5.397744	0.09203252
5.428729	0.08511262
5.459714	0.07557269
5.4907	0.07057577
5.521685	0.06783056
5.55267	0.06894947
5.583656	0.06873075
5.614641	0.06895107
5.645627	0.06779779
5.676612	0.06429144
5.707598	0.06694718
5.738583	0.06672438
5.769568	0.07165485
5.800553	0.07922293
5.831539	0.07957668
5.862525	0.08656322
5.89351	0.09217094
5.924495	0.1000348
5.955481	0.09868071
5.986466	0.09788246
6.017451	0.09735723
6.048437	0.09078168
6.079422	0.08585449
6.110407	0.07875098
6.141393	0.07707553
6.172378	0.07441484
6.203363	0.07841761
6.234349	0.07249371
6.265334	0.06793883
6.296319	0.07317534
6.327305	0.08021997
6.35829	0.07707859
6.389276	0.08737815
6.420261	0.07774962
6.451246	0.07460708
6.482232	0.07898657
6.513217	0.08607153
6.544202	0.09638409
6.575188	0.1060358
6.606173	0.1108519
6.637158	0.1129563
6.668144	0.116295
6.699129	0.1101468
6.730114	0.1086492
6.7611	0.1094527
6.792085	0.1085908
6.823071	0.1043103
6.854056	0.1012354
6.885041	0.101991
6.916027	0.1008866
6.947012	0.09828477
6.977998	0.09936972
7.008983	0.1034031
7.039968	0.105008
7.070954	0.1076999
7.101939	0.09894132
7.132924	0.10182
7.16391	0.1028629
7.194895	0.1076496
7.225881	0.1190648
7.256866	0.1362092
7.287851	0.1427817
7.318837	0.1429716
7.349822	0.1602855
7.380807	0.1626526
7.411793	0.1589759
7.442778	0.1556254
7.473763	0.1508295
7.504749	0.1522035
7.535734	0.1582476
7.595799	0.08231363
7.657894	0.07925025
7.719988	0.06772589
7.782082	0.06164505
7.844176	0.05978148
7.906271	0.06469293
7.968365	0.06012427
8.030458	0.05850599
8.092554	0.05511605
8.154648	0.05412331
8.216742	0.05607051
8.278836	0.05673824
8.34093	0.05580915
8.403025	0.05824594
8.465118	0.0593755
8.527213	0.06125686
8.589307	0.06112483
8.651402	0.05846204
8.713495	0.05355494
8.77559	0.05444315
8.837685	0.04895308
8.899778	0.04673456
8.961872	0.04854545
9.023967	0.04659128
9.086061	0.04197224
9.148155	0.03977299
9.210249	0.03821113
9.272344	0.03892889
9.334438	0.04089409
9.396532	0.04277689
9.458626	0.04084246
9.52072	0.03978463
9.582815	0.03905974
9.644909	0.03569323
9.707003	0.04017863
9.769097	0.04866321
9.831192	0.0419503
9.893286	0.0414267
9.95538	0.04315813
10.01747	0.045662
10.07957	0.04646011
10.14166	0.04509909
10.20376	0.04248679
10.26585	0.04089301
10.32795	0.04483377
10.39004	0.03940977
10.45213	0.04193344
10.51423	0.04044149
10.57632	0.03803787
10.63842	0.03653415
10.70051	0.03671226
10.7626	0.03435792
10.8247	0.03387963
10.88679	0.03669129
10.94889	0.03593749
11.01098	0.03804905
11.07308	0.03871872
11.13517	0.04024435
11.19726	0.05299029
11.25936	0.05061731
11.32145	0.0440364
11.38355	0.04553661
11.44564	0.04785318
11.50774	0.05120743
11.56983	0.05379304
11.63192	0.05219134
11.69402	0.04880947
11.75611	0.04830058
11.81821	0.0446802
11.8803	0.04181655
11.9424	0.04346516
12.00449	0.04523604
12.06658	0.04252405
12.12868	0.0413183
12.19077	0.04322214
12.25287	0.04382293
12.31496	0.04235273
12.37705	0.04446933
12.43915	0.04474384
12.50124	0.04437635
12.56334	0.04548124
12.62543	0.04380524
12.68753	0.04524367
12.74962	0.04931585
12.81171	0.05777855
12.87381	0.05489142
12.9359	0.05791664
12.998	0.06044627
13.06009	0.06101489
13.12218	0.06280298
13.18428	0.06050695
13.24637	0.06065501
13.30847	0.05419056
13.37056	0.05322487
13.43266	0.05579958
13.49475	0.0514454
13.55684	0.0477136
13.61894	0.04693885
13.68103	0.05060339
13.74313	0.04987485
13.80522	0.04975065
13.86732	0.04946266
13.92941	0.05282101
13.9915	0.05791787
14.0536	0.05784247
14.11569	0.06547301
14.17779	0.06636354
14.23988	0.07100891
14.30198	0.07295491
14.36407	0.07116184
14.42616	0.07764304
14.54169	0.0300115
14.63338	0.03041657
14.72508	0.0310117
14.81677	0.03422486
14.90846	0.03191346
15.00015	0.0270354
15.09185	0.02791686
15.18354	0.03177205
15.27523	0.03562405
15.36693	0.02733575
15.45862	0.03651725
15.55031	0.02663399
15.642	0.02625697
15.7337	0.02674601
15.82539	0.02737404
15.91708	0.03301272
16.00878	0.03244878
16.10047	0.03242485
16.19216	0.03292629
16.28386	0.03778968
16.37555	0.04215475
16.46724	0.03454566
16.55893	0.03416704
16.65063	0.03047841
16.74232	0.03506701
16.83401	0.03447508
16.9257	0.03240732
17.0174	0.03024623
17.10909	0.02901533
17.20078	0.03102039
17.29248	0.03943048
17.38417	0.03061366
17.47586	0.03484454
17.56756	0.02823636
17.65925	0.03405715
17.75094	0.04095708
17.84263	0.08239005
17.93433	0.04335728
18.02602	0.03133146
18.11771	0.02957155
18.20941	0.03153281
18.3011	0.03713094
18.39279	0.03763192
18.48449	0.03222711
18.57618	0.0346492
18.66787	0.03796779
18.75956	0.04038098
18.85126	0.08053953
18.94295	0.04457267
19.03464	0.04839266
19.12634	0.04889316
19.21803	0.04936728
19.30972	0.04655912
19.40141	0.04818666
19.49311	0.07504795
19.5848	0.05144193
19.67649	0.04963551
19.76819	0.05307221
19.85988	0.05365605
19.95157	0.05138893
20.04326	0.05068262
20.13496	0.04829364
20.22665	0.05335642
20.31834	0.04965958
20.41004	0.04795176
20.50173	0.05654928
20.59342	0.04789589
20.68512	0.05357834
20.77681	0.05787942
20.8685	0.07122858
20.96019	0.1681839
21.05189	0.06340016
