5.242817	0.8887236
5.273802	0.05197867
5.304788	0.3684901
5.335773	1.899061
5.366758	-0.01581202
5.397744	-0.7285979
5.428729	-0.386935
5.459714	0.4332204
5.4907	-0.1192857
5.521685	0.9649377
5.55267	0.9466369
5.583656	-0.1286918
5.614641	-0.8058228
5.645627	0.8390292
5.676612	0.9728529
5.707598	-0.1828424
5.738583	-0.2301452
5.769568	-0.8543542
5.800553	0.394049
5.831539	0.3484052
5.862525	-0.2161074
5.89351	-0.6964282
5.924495	0.06886406
5.955481	0.1144606
5.986466	0.4590899
6.017451	1.199668
6.048437	-0.03839708
6.079422	0.01450983
6.110407	0.5694501
6.141393	0.3153901
6.172378	0.6306224
6.203363	0.5632755
6.234349	1.169184
6.265334	0.7104779
6.296319	0.7735822
6.327305	0.6107705
6.35829	0.04602465
6.389276	0.4270725
6.420261	0.174751
6.451246	-0.3511059
6.482232	0.8295369
6.513217	0.3410315
6.544202	0.1962737
6.575188	-0.1911367
6.606173	0.3267525
6.637158	0.7622684
6.668144	0.8433256
6.699129	-0.1342834
6.730114	-0.6704155
6.7611	-0.3027166
6.792085	-0.2183138
6.823071	0.5959455
6.854056	0.2205792
6.885041	0.4924717
6.916027	0.1281528
6.947012	0.5011863
6.977998	0.3247017
7.008983	0.07499333
7.039968	0.6650753
7.070954	0.3116423
7.101939	0.3684906
7.132924	1.162288
7.16391	0.9741781
7.194895	1.822395
7.225881	0.8914285
7.256866	0.06098531
7.287851	1.024374
7.318837	2.084305
7.349822	1.306573
7.380807	0.9856789
7.411793	0.3349545
7.442778	1.119126
7.473763	1.060183
7.504749	1.201102
7.535734	1.927066
7.595799	3.154795
7.657894	2.471645
7.719988	0.5521978
7.782082	1.577408
7.844176	0.829542
7.906271	0.583211
7.968365	0.6894919
8.030458	0.111226
8.092554	0.2880168
8.154648	0.979777
8.216742	0.9883661
8.278836	1.161375
8.34093	1.541537
8.403025	0.1404521
8.465118	0.4250866
8.527213	0.3675836
8.589307	0.7321996
8.651402	1.480311
8.713495	0.2157059
8.77559	0.03582248
8.837685	0.1623088
8.899778	0.5661311
8.961872	0.7371216
9.023967	0.0793533
9.086061	-0.1454466
9.148155	-0.158298
9.210249	-0.4475268
9.272344	-0.4557159
9.334438	0.008851178
9.396532	0.2945305
9.458626	0.3574364
9.52072	0.1964762
9.582815	-0.2401006
9.644909	0.1706609
9.707003	0.3379765
9.769097	0.3750018
9.831192	0.3869756
9.893286	0.08069061
9.95538	0.4976294
10.01747	0.2445293
10.07957	0.06647652
10.14166	0.06489459
10.20376	-0.0961763
10.26585	-0.01918644
10.32795	-0.8367729
10.39004	-0.4008568
10.45213	-0.05046848
10.51423	0.1343127
10.57632	-0.4160185
10.63842	0.3022668
10.70051	0.6327866
10.7626	-0.01501069
10.8247	-0.3594895
10.88679	-0.1423919
10.94889	0.9538971
11.01098	0.2686971
11.07308	0.5996277
11.13517	1.275876
11.19726	2.086983
11.25936	2.409664
11.32145	1.825276
11.38355	1.064299
11.44564	0.7346823
11.50774	0.4179705
11.56983	0.0757255
11.63192	-0.7132405
11.69402	-0.08821565
11.75611	0.2097507
11.81821	0.3869381
11.8803	0.4537818
11.9424	0.4136741
12.00449	0.8308518
12.06658	0.7934885
12.12868	0.7401929
12.19077	0.7237164
12.25287	0.6148162
12.31496	0.6115168
12.37705	0.2620698
12.43915	0.4849489
12.50124	0.5622666
12.56334	1.123249
12.62543	1.351141
12.68753	0.5886509
12.74962	0.9275672
12.81171	0.9335955
12.87381	0.9213198
12.9359	0.6330416
12.998	0.9145555
13.06009	0.779812
13.12218	0.7605393
13.18428	0.5623879
13.24637	0.1654624
13.30847	0.2729834
13.37056	0.3894549
13.43266	0.2437223
13.49475	0.3786466
13.55684	-0.07112131
13.61894	0.9618897
13.68103	0.4438783
13.74313	0.145462
13.80522	0.4786723
13.86732	0.838812
13.92941	0.2063426
13.9915	0.1192085
14.0536	0.1107243
14.11569	0.216459
14.17779	0.4607399
14.23988	0.6838064
14.30198	0.1398853
14.36407	-0.000408638
14.42616	0.7607908
14.48826	0.733546
14.54169	0.2144668
14.63338	0.244121
14.72508	0.3438722
14.81677	-0.04444646
14.90846	0.05194134
15.00015	0.2483923
15.09185	0.1568013
15.18354	0.2288662
15.27523	0.0550742
15.36693	0.006499912
15.45862	0.1893587
15.55031	0.4283387
15.642	0.2958453
15.7337	0.4170803
15.82539	0.106376
15.91708	0.4137819
16.00878	0.4625876
16.10047	-0.02023075
16.19216	0.1705042
16.28386	0.6083214
16.37555	0.8307434
16.46724	0.7272663
16.55893	0.2654926
16.65063	0.6399686
16.74232	0.5057324
16.83401	0.6072744
16.9257	1.010288
17.0174	1.302328
17.10909	0.8941451
17.20078	0.7339943
17.29248	0.7409073
17.38417	0.6965927
17.47586	0.4589396
17.56756	0.3736508
17.65925	0.344102
17.75094	0.221367
17.84263	0.1276008
17.93433	0.195923
18.02602	0.1813919
18.11771	0.03447718
18.20941	0.1904808
18.3011	0.2562842
18.39279	0.5101721
18.48449	-0.2443277
18.57618	0.04520672
18.66787	0.483705
18.75956	0.3692199
18.85126	0.2414201
18.94295	0.1435257
19.03464	0.2900738
19.12634	0.314611
19.21803	0.3118382
19.30972	0.2627426
19.40141	0.6088474
19.49311	-0.03099183
19.5848	-0.2844602
19.67649	0.004420655
19.76819	-0.0001123055
19.85988	0.590607
19.95157	0.2126791
20.04326	0.368279
20.13496	0.3291174
20.22665	0.4278038
20.31834	0.7464412
20.41004	0.5342768
20.50173	0.1522656
20.59342	0.1795345
20.68512	0.8306229
20.77681	0.7002345
20.8685	0.2157309
20.96019	0.328669
21.05189	0.3042676
