5.242817	0.1163088
5.273802	0.1255147
5.304788	0.1124332
5.335773	0.09806191
5.366758	0.09544723
5.397744	0.08924908
5.428729	0.09129885
5.459714	0.07391454
5.4907	0.06881226
5.521685	0.06802548
5.55267	0.06684926
5.583656	0.06569757
5.614641	0.06804851
5.645627	0.06553781
5.676612	0.06434955
5.707598	0.06651756
5.738583	0.06450456
5.769568	0.07140192
5.800553	0.07659212
5.831539	0.0772104
5.862525	0.08453614
5.89351	0.0879427
5.924495	0.09185366
5.955481	0.09587605
5.986466	0.09605339
6.017451	0.09083872
6.048437	0.090123
6.079422	0.08777413
6.110407	0.07899829
6.141393	0.07783402
6.172378	0.07531668
6.203363	0.07471754
6.234349	0.06842707
6.265334	0.06696071
6.296319	0.07589424
6.327305	0.0767464
6.35829	0.07737725
6.389276	0.08014861
6.420261	0.07968301
6.451246	0.07288787
6.482232	0.07511363
6.513217	0.08876029
6.544202	0.09733453
6.575188	0.1030372
6.606173	0.1084348
6.637158	0.1094944
6.668144	0.1132249
6.699129	0.1057535
6.730114	0.1020441
6.7611	0.1040778
6.792085	0.1027685
6.823071	0.09993585
6.854056	0.09992897
6.885041	0.1006161
6.916027	0.09918061
6.947012	0.09499045
6.977998	0.09680459
7.008983	0.1022545
7.039968	0.1031067
7.070954	0.1019222
7.101939	0.1016523
7.132924	0.1008599
7.16391	0.1004535
7.194895	0.1075718
7.225881	0.1208351
7.256866	0.137857
7.287851	0.1422645
7.318837	0.1477833
7.349822	0.1536125
7.380807	0.162275
7.411793	0.1575195
7.442778	0.1549196
7.533706	0.08448395
7.595799	0.07941923
7.657894	0.07612623
7.719988	0.06662977
7.782082	0.06046516
7.844176	0.05879866
7.906271	0.05858663
7.968365	0.05888619
8.030458	0.0562565
8.092554	0.05578526
8.154648	0.05577362
8.216742	0.05374007
8.278836	0.05341809
8.34093	0.05461954
8.403025	0.05532751
8.465118	0.05799995
8.527213	0.05637695
8.589307	0.05969176
8.651402	0.05756399
8.713495	0.05161512
8.77559	0.04950984
8.837685	0.04842896
8.899778	0.04395357
8.961872	0.04468513
9.023967	0.04299753
9.086061	0.04132749
9.148155	0.03957675
9.210249	0.03896492
9.272344	0.03799615
9.334438	0.04001733
9.396532	0.04038154
9.458626	0.03939692
9.52072	0.04341872
9.582815	0.04523352
9.644909	0.03968675
9.707003	0.04095209
9.769097	0.04094885
9.831192	0.04447117
9.893286	0.04298398
9.95538	0.0418906
10.01747	0.04271907
10.07957	0.04535519
10.14166	0.0443702
10.20376	0.04153262
10.26585	0.03949934
10.32795	0.03941363
10.39004	0.03939862
10.45213	0.04535595
10.51423	0.04104364
10.57632	0.03561872
10.63842	0.03634111
10.70051	0.03582435
10.7626	0.03560644
10.8247	0.03348937
10.88679	0.03546203
10.94889	0.03657363
11.01098	0.03651525
11.07308	0.03861699
11.13517	0.0385891
11.19726	0.0393138
11.25936	0.04002678
11.32145	0.04218324
11.38355	0.04477092
11.44564	0.04736781
11.50774	0.05062497
11.56983	0.05217993
11.63192	0.05140851
11.69402	0.04955667
11.75611	0.04811887
11.81821	0.04357223
11.8803	0.04087801
11.9424	0.04217798
12.00449	0.04254488
12.06658	0.04141275
12.12868	0.04115567
12.19077	0.04230297
12.25287	0.03991282
12.31496	0.04023179
12.37705	0.04218603
12.43915	0.04224898
12.50124	0.0469918
12.56334	0.04642086
12.62543	0.04147922
12.68753	0.04366642
12.74962	0.04533968
12.81171	0.04685351
12.87381	0.05039308
12.9359	0.0543194
12.998	0.05710297
13.06009	0.05688088
13.12218	0.06049245
13.18428	0.05933925
13.24637	0.05587962
13.30847	0.0523798
13.37056	0.05216935
13.43266	0.05014186
13.49475	0.05198551
13.55684	0.04787404
13.61894	0.04758194
13.68103	0.04795602
13.74313	0.04888129
13.80522	0.04821963
13.86732	0.04846361
13.92941	0.05158036
13.9915	0.05709433
14.0536	0.05806604
14.11569	0.0626833
14.17779	0.06522913
14.23988	0.06829779
14.30198	0.06924067
14.36407	0.07377778
14.42616	0.07582875
14.48826	0.07714232
14.54169	0.02771241
14.63338	0.0291565
14.72508	0.09226603
14.81677	0.03417078
14.90846	0.03185201
15.00015	0.06956144
15.09185	0.02560281
15.18354	0.07717908
15.27523	0.0383848
15.36693	0.02680457
15.45862	0.02637609
15.55031	0.02612104
15.642	0.02497673
15.7337	0.02592053
15.82539	0.02719283
15.91708	0.03235276
16.00878	0.1416883
16.10047	0.03610878
16.19216	0.03213883
16.28386	0.04270412
16.37555	0.03469788
16.46724	0.03393343
16.55893	0.0354681
16.65063	0.03138433
16.74232	0.06133158
16.83401	0.03504023
16.9257	0.03383011
17.0174	0.04123862
17.10909	0.03067154
17.20078	0.0303135
17.29248	0.0309563
17.38417	0.03028707
17.47586	0.03086397
17.56756	0.0398399
17.65925	0.04020043
17.75094	0.03563173
17.84263	0.1439097
17.93433	0.04692751
18.02602	0.03007793
18.11771	0.0803372
18.20941	0.03414859
18.3011	0.03634418
18.39279	0.02965822
18.48449	0.07817082
18.57618	0.03957714
18.66787	0.03249887
18.75956	0.03296662
18.85126	0.0980951
18.94295	0.0383333
19.03464	0.03630552
19.12634	0.04686806
19.21803	0.0426736
19.30972	0.04423945
19.40141	0.04710715
19.49311	0.09138117
19.5848	0.07018991
19.67649	0.05295274
19.76819	0.05605054
19.85988	0.05986875
19.95157	0.04491092
20.04326	0.04905968
20.13496	0.04502733
20.22665	0.05441972
20.31834	0.04926506
20.41004	0.04924653
20.50173	0.05577198
20.59342	0.04585237
20.68512	0.05622756
20.77681	0.05531364
20.8685	0.05827153
20.96019	0.057062
21.05189	0.05724037
