5.242817	0.8343953
5.273802	0.9546013
5.304788	0.531607
5.335773	0.8000961
5.366758	0.8458572
5.397744	0.7927647
5.428729	0.9761479
5.459714	1.069667
5.4907	1.094359
5.521685	0.9349046
5.55267	0.8572762
5.583656	0.6250784
5.614641	0.5182862
5.645627	0.6292183
5.676612	0.6797153
5.707598	0.643667
5.738583	0.5709114
5.769568	0.8650939
5.800553	0.8185601
5.831539	0.8494285
5.862525	1.0232357
5.89351	0.5148494
5.924495	0.5495677
5.955481	0.7239265
5.986466	0.5664011
6.017451	0.9402441
6.048437	0.8752557
6.079422	0.7843343
6.110407	0.615922
6.141393	0.7968652
6.172378	1.0077423
6.203363	0.9601443
6.234349	1.099575
6.265334	0.8142153
6.296319	0.6122007
6.327305	0.6673997
6.35829	0.8631692
6.389276	1.0096177
6.420261	0.741175
6.451246	0.6767999
6.482232	0.8333291
6.513217	0.8486597
6.544202	0.6911779
6.575188	0.6860318
6.606173	0.3648583
6.637158	0.4945144
6.668144	0.7777831
6.699129	0.7591579
6.730114	0.6753587
6.7611	0.5951223
6.792085	0.6719026
6.823071	0.8226332
6.854056	0.6561072
6.885041	0.5482428
6.916027	0.7080174
6.947012	0.8855696
6.977998	0.7917111
7.008983	0.6873173
7.039968	0.8999659
7.070954	0.7908312
7.101939	0.7792945
7.132924	0.6540137
7.16391	0.7988981
7.194895	0.720389
7.225881	0.659688
7.256866	0.8855638
7.287851	0.9251078
7.318837	0.2774888
7.349822	0.5232566
7.380807	0.8040214
7.411793	0.7047024
7.442778	0.7583836
7.473763	1.053502
7.504749	1.123097
7.535734	0.7929585
7.595799	0.8190462
7.657894	0.9344618
7.719988	0.8159583
7.782082	0.7990137
7.844176	0.7198938
7.906271	0.6321953
7.968365	0.6484598
8.030458	0.4847726
8.092554	0.5633067
8.154648	0.5260288
8.216742	0.6758673
8.278836	0.626382
8.34093	0.5955644
8.403025	0.7458221
8.465118	0.7497435
8.527213	0.69626
8.589307	0.680877
8.651402	0.5938421
8.713495	0.568917
8.77559	0.6255029
8.837685	0.588306
8.899778	0.4233545
8.961872	0.5130722
9.023967	0.5645158
9.086061	0.5658086
9.148155	0.4602778
9.210249	0.5095557
9.272344	0.5516763
9.334438	0.5172578
9.396532	0.4510295
9.458626	0.5051599
9.52072	0.5040702
9.582815	0.4287133
9.644909	0.7641608
9.707003	0.7132249
9.769097	0.4689022
9.831192	0.441412
9.893286	0.4684445
9.95538	0.4274985
10.01747	0.4623754
10.07957	0.4460887
10.14166	0.4311842
10.20376	0.499565
10.26585	0.4696918
10.32795	0.4904651
10.39004	0.4138045
10.45213	0.462201
10.51423	0.5094704
10.57632	0.5093267
10.63842	0.5197871
10.70051	0.524458
10.7626	0.645858
10.8247	0.6191925
10.88679	0.5397405
10.94889	0.4430792
11.01098	0.5131658
11.07308	0.6299186
11.13517	0.8972572
11.19726	1.395376
11.25936	1.608771
11.32145	1.213741
11.38355	0.9673862
11.44564	0.99417
11.50774	0.8522011
11.56983	0.7472159
11.63192	0.6274323
11.69402	0.5890317
11.75611	0.5370229
11.81821	0.5793006
11.8803	0.5689339
11.9424	0.6047346
12.00449	0.6140502
12.06658	0.5366183
12.12868	0.5904655
12.19077	0.6604444
12.25287	0.7361829
12.31496	0.8134923
12.37705	0.6687886
12.43915	0.6940171
12.50124	0.72511
12.56334	0.7274539
12.62543	0.7019684
12.68753	0.7178649
12.74962	0.7398896
12.81171	0.6877685
12.87381	0.4621663
12.9359	0.5741386
12.998	0.4498365
13.06009	0.5110999
13.12218	0.5566418
13.18428	0.401397
13.24637	0.4392655
13.30847	0.4769296
13.37056	0.3448179
13.43266	0.4812034
13.49475	0.4195843
13.55684	0.3553391
13.61894	0.5224761
13.68103	0.4250923
13.74313	0.209735
13.80522	0.186104
13.86732	0.2546092
13.92941	0.4309595
13.9915	0.3431117
14.0536	0.3654352
14.11569	0.3182404
14.17779	0.472588
14.23988	0.5313939
14.30198	0.5303867
14.36407	0.4399203
14.42616	0.3772403
14.48826	0.3404138
14.55035	0.3917256
14.61245	0.4299558
14.63338	0.363774762986
14.72508	0.431161062986
14.81677	0.401193962986
14.90846	0.498308262986
15.00015	0.441137162986
15.09185	0.517284462986
15.18354	0.515862962986
15.27523	0.395044462986
15.36693	0.343750962986
15.45862	0.395702762986
15.55031	0.773345062986
15.642	0.536367262986
15.7337	0.607901662986
15.82539	0.603396062986
15.91708	0.569123462986
16.00878	0.543917962986
16.10047	0.400057862986
16.19216	0.585125462986
16.28386	0.577427662986
16.37555	0.664825362986
16.46724	0.797537562986
16.55893	0.617357162986
16.65063	0.595718562986
16.74232	0.576590162986
16.83401	0.757951962986
16.9257	1.11904716299
17.0174	1.79836716299
17.10909	1.42165216299
17.20078	0.828317162986
17.29248	0.837349162986
17.38417	0.783591462986
17.47586	0.500948962986
17.56756	0.534677162986
17.65925	0.486849462986
17.75094	0.544110062986
17.84263	0.391127662986
17.93433	0.515806062986
18.02602	0.336270062986
18.11771	0.325107462986
18.20941	0.503032062986
18.3011	0.462698662986
18.39279	0.273135862986
18.48449	0.522702162986
18.57618	0.541986362986
18.66787	0.716385862986
18.75956	0.613293162986
18.85126	0.418361862986
18.94295	0.400747262986
19.03464	0.519142062986
19.12634	0.302517162986
19.21803	0.418768562986
19.30972	0.447306262986
19.40141	0.154046662986
19.49311	0.272721962986
19.5848	0.318343062986
19.67649	0.326201862986
19.76819	0.365468062986
19.85988	0.206664962986
19.95157	0.479335662986
20.04326	0.507616062986
20.13496	0.361481462986
20.22665	0.294115162986
20.31834	0.422031462986
20.41004	0.329581362986
20.50173	0.370837562986
20.59342	0.211757362986
20.68512	0.360624162986
20.77681	0.365184762986
20.8685	0.345292562986
20.96019	0.289588562986
21.05189	0.584386962986
