5.242817	0.1203961
5.273802	0.127344
5.304788	0.1125028
5.335773	0.09769937
5.366758	0.09687258
5.397744	0.09583904
5.428729	0.08696152
5.459714	0.07926425
5.4907	0.07017639
5.521685	0.06805535
5.55267	0.06815127
5.583656	0.06721022
5.614641	0.06831961
5.645627	0.06737281
5.676612	0.06321777
5.707598	0.06470894
5.738583	0.06319846
5.769568	0.06840357
5.800553	0.07548715
5.831539	0.07667411
5.862525	0.09159428
5.89351	0.08901694
5.924495	0.09567849
5.955481	0.0964981
5.986466	0.09628931
6.017451	0.09067219
6.048437	0.09430818
6.079422	0.0906411
6.110407	0.08471676
6.141393	0.08193151
6.172378	0.07595257
6.203363	0.07708093
6.234349	0.07347405
6.265334	0.06746282
6.296319	0.07138352
6.327305	0.07797362
6.35829	0.07858606
6.389276	0.0806099
6.420261	0.07690109
6.451246	0.07496575
6.482232	0.07687008
6.513217	0.08247302
6.544202	0.09612474
6.575188	0.1064755
6.606173	0.1090315
6.637158	0.107629
6.668144	0.1120729
6.699129	0.1064411
6.730114	0.1063388
6.7611	0.1055215
6.792085	0.1044747
6.823071	0.1010609
6.854056	0.1054185
6.885041	0.1020484
6.916027	0.09593825
6.947012	0.1025391
6.977998	0.09920553
7.008983	0.1021673
7.039968	0.1038107
7.070954	0.1021476
7.101939	0.0983718
7.132924	0.1030571
7.16391	0.1031665
7.194895	0.1063374
7.225881	0.1208245
7.256866	0.1458062
7.287851	0.1411067
7.318837	0.1457938
7.349822	0.1523813
7.380807	0.1613258
7.411793	0.1600799
7.442778	0.1512705
7.473763	0.1574468
7.504749	0.1517198
7.535734	0.1602088
7.595799	0.07811245
7.657894	0.07698175
7.719988	0.06821321
7.782082	0.05942353
7.844176	0.05698907
7.906271	0.05951658
7.968365	0.05869839
8.030458	0.05670203
8.092554	0.05345055
8.154648	0.05410386
8.216742	0.05314047
8.278836	0.05532452
8.34093	0.0553108
8.403025	0.05522603
8.465118	0.05712643
8.527213	0.05722849
8.589307	0.05933864
8.651402	0.0577072
8.713495	0.05226272
8.77559	0.05084481
8.837685	0.04767757
8.899778	0.04509889
8.961872	0.04560063
9.023967	0.04361433
9.086061	0.04158103
9.148155	0.03995563
9.210249	0.03876589
9.272344	0.06737301
9.334438	0.1119706
9.396532	0.06255601
9.458626	0.05021454
9.52072	0.03905462
9.582815	0.037851
9.644909	0.03598006
9.707003	0.03895253
9.769097	0.04224369
9.831192	0.04256194
9.893286	0.0409551
9.95538	0.05775775
10.01747	0.07598098
10.07957	0.04541159
10.14166	0.06604009
10.20376	0.06351849
10.26585	0.07310263
10.32795	0.03971195
10.39004	0.03835711
10.45213	0.04099158
10.51423	0.03779634
10.57632	0.03680197
10.63842	0.03487979
10.70051	0.03538735
10.7626	0.03448262
10.8247	0.0331995
10.88679	0.03713219
10.94889	0.0350745
11.01098	0.03805923
11.07308	0.0423881
11.13517	0.0384219
11.19726	0.04075867
11.25936	0.04081139
11.32145	0.04986728
11.38355	0.04607781
11.44564	0.04692161
11.50774	0.05013534
11.56983	0.05248924
11.63192	0.05280506
11.69402	0.04840079
11.75611	0.04940487
11.81821	0.04616343
11.8803	0.04516284
11.9424	0.05196912
12.00449	0.0420684
12.06658	0.04270558
12.12868	0.04075013
12.19077	0.04189456
12.25287	0.04153774
12.31496	0.04062817
12.37705	0.04366324
12.43915	0.06727087
12.50124	0.1228675
12.56334	0.04779427
12.62543	0.04338839
12.68753	0.04767653
12.74962	0.0666611
12.81171	0.04780269
12.87381	0.05331497
12.9359	0.05584887
12.998	0.05977995
13.06009	0.06084656
13.12218	0.06067793
13.18428	0.05678327
13.24637	0.0581076
13.30847	0.05621903
13.37056	0.05284065
13.43266	0.05028863
13.49475	0.05071485
13.55684	0.04729101
13.61894	0.04635358
13.68103	0.04829568
13.74313	0.06696136
13.80522	0.05034193
13.86732	0.05714679
13.92941	0.0526102
13.9915	0.05654435
14.0536	0.05877126
14.11569	0.06418934
14.17779	0.09232417
14.23988	0.1279102
14.30198	0.07116646
14.36407	0.07073193
14.42616	0.07734001
14.48826	0.07212122
14.55035	0.07277349
14.61245	0.1313238
14.63338	0.0325844
14.72508	0.05225286
14.81677	0.03264068
14.90846	0.03173005
15.00015	0.0277786
15.09185	0.02542188
15.18354	0.0317374
15.27523	0.02694179
15.36693	0.02673922
15.45862	0.02924632
15.55031	0.02686063
15.642	0.02582602
15.7337	0.0262557
15.82539	0.02804383
15.91708	0.03201112
16.00878	0.09422917
16.10047	0.0422464
16.19216	0.0320266
16.28386	0.03354685
16.37555	0.03415379
16.46724	0.0330035
16.55893	0.0322022
16.65063	0.03113069
16.74232	0.03093152
16.83401	0.03364777
16.9257	0.03196705
17.0174	0.03208968
17.10909	0.03378854
17.20078	0.03271946
17.29248	0.02926441
17.38417	0.03024272
17.47586	0.03294431
17.56756	0.02801991
17.65925	0.02795433
17.75094	0.0692745
17.84263	0.0312978
17.93433	0.04417451
18.02602	0.02919098
18.11771	0.03073789
18.20941	0.07619315
18.3011	0.03496651
18.39279	0.02858691
18.48449	0.03088252
18.57618	0.03394194
18.66787	0.03586446
18.75956	0.03317351
18.85126	0.03526379
18.94295	0.03480409
19.03464	0.09884884
19.12634	0.05045208
19.21803	0.04258205
19.30972	0.04947517
19.40141	0.06802147
19.49311	0.0823007
19.5848	0.05489836
19.67649	0.05839498
19.76819	0.05086318
19.85988	0.07408079
19.95157	0.04550458
20.04326	0.04817838
20.13496	0.04632343
20.22665	0.04896387
20.31834	0.05084923
20.41004	0.04796961
20.50173	0.06480784
20.59342	0.04825538
20.68512	0.05510451
20.77681	0.07438132
20.8685	0.06582415
20.96019	0.06364327
21.05189	0.05773414
