5.242817	0.3475506
5.273802	0.318017
5.304788	0.182322
5.335773	0.2039557
5.366758	0.329542
5.397744	0.255245
5.428729	0.2171841
5.459714	0.2660212
5.4907	0.3736132
5.521685	0.2860691
5.55267	0.4239808
5.583656	0.2233111
5.614641	0.09809615
5.645627	0.2137343
5.676612	0.1389593
5.707598	0.1752993
5.738583	0.1889676
5.769568	0.3567148
5.800553	0.5018949
5.831539	0.3236043
5.862525	0.4572632
5.89351	0.1626701
5.924495	0.04509343
5.955481	0.2290147
5.986466	0.1863167
6.017451	0.5787951
6.048437	0.5257924
6.079422	0.5065773
6.110407	0.3807813
6.141393	0.4130599
6.172378	0.9074831
6.203363	0.8225257
6.234349	0.9066834
6.265334	0.7179101
6.296319	0.555784
6.327305	0.4772204
6.35829	0.5009029
6.389276	0.5836282
6.420261	0.4702096
6.451246	0.3468345
6.482232	0.4144461
6.513217	0.3830978
6.544202	0.3360264
6.575188	0.4755682
6.606173	0.3423914
6.637158	0.3484383
6.668144	0.4858965
6.699129	0.5047327
6.730114	0.4140524
6.7611	0.2661158
6.792085	0.2365502
6.823071	0.2709272
6.854056	0.2698651
6.885041	0.2497181
6.916027	0.330584
6.947012	0.3682071
6.977998	0.5180802
7.008983	0.2158651
7.039968	0.3526746
7.070954	0.371248
7.101939	0.478745
7.132924	0.4105445
7.16391	0.4238783
7.194895	0.5464484
7.225881	0.4641763
7.256866	0.6675258
7.287851	0.8722056
7.318837	0.4707451
7.349822	0.7010986
7.380807	1.114279
7.411793	0.7533313
7.442778	0.9014433
7.473763	1.223083
7.504749	1.277086
7.535734	1.539997
7.595799	1.442424
7.657894	1.519647
7.719988	1.384697
7.782082	1.338726
7.844176	1.34898
7.906271	0.9133566
7.968365	0.9464186
8.030458	0.7422621
8.092554	0.7115096
8.154648	0.7217393
8.216742	0.7468807
8.278836	0.7670098
8.34093	0.7781623
8.403025	0.9083516
8.465118	0.8877827
8.527213	1.008522
8.589307	1.058145
8.651402	0.9060439
8.713495	0.7129365
8.77559	0.6270967
8.837685	0.4778547
8.899778	0.301751
8.961872	0.4658141
9.023967	0.3444361
9.086061	0.3774367
9.148155	0.3002615
9.210249	0.3207534
9.272344	0.3626879
9.334438	0.3186591
9.396532	0.2656349
9.458626	0.2609055
9.52072	0.2834544
9.582815	0.279701
9.644909	0.4326952
9.707003	0.3621844
9.769097	0.2403017
9.831192	0.2378819
9.893286	0.2684605
9.95538	0.2950528
10.01747	0.2872219
10.07957	0.1841026
10.14166	0.2099623
10.20376	0.3059143
10.26585	0.2714598
10.32795	0.1517423
10.39004	0.2191048
10.45213	0.3140136
10.51423	0.4544035
10.57632	0.4232385
10.63842	0.4382215
10.70051	0.4521747
10.7626	0.5897757
10.8247	0.6266747
10.88679	0.5557025
10.94889	0.5724267
11.01098	0.6649191
11.07308	0.8993354
11.13517	1.649505
11.19726	2.534139
11.25936	2.507106
11.32145	1.882965
11.38355	1.337345
11.44564	1.20742
11.50774	0.8823429
11.56983	0.8215097
11.63192	0.6294859
11.69402	0.5618231
11.75611	0.5385697
11.81821	0.6102725
11.8803	0.6959831
11.9424	0.7072145
12.00449	0.739837
12.06658	0.6391396
12.12868	0.7040251
12.19077	0.803362
12.25287	0.8244097
12.31496	0.7856146
12.37705	0.8413079
12.43915	0.7672127
12.50124	0.8652002
12.56334	0.9477222
12.62543	1.017507
12.68753	1.056836
12.74962	1.318146
12.81171	1.095794
12.87381	0.6278561
12.9359	0.582822
12.998	0.4468658
13.06009	0.4443173
13.12218	0.4557164
13.18428	0.4014684
13.24637	0.4761386
13.30847	0.416607
13.37056	0.2152178
13.43266	0.4202562
13.49475	0.3363516
13.55684	0.3078752
13.61894	0.347286
13.68103	0.3431143
13.74313	0.2317496
13.80522	0.1203043
13.86732	0.1667753
13.92941	0.332985
13.9915	0.3090044
14.0536	0.1904524
14.11569	0.2544763
14.17779	0.4040013
14.23988	0.4993613
14.30198	0.466561
14.36407	0.3233013
14.45	0.38665798705
14.54169	0.31416078705
14.63338	0.12279998705
14.72508	0.25469878705
14.81677	0.29489438705
14.90846	0.32710058705
15.00015	0.26120828705
15.09185	0.37124368705
15.18354	0.44441288705
15.27523	0.41116198705
15.36693	0.32377028705
15.45862	0.33196958705
15.55031	0.37774088705
15.642	0.35235678705
15.7337	0.45550828705
15.82539	0.45848138705
15.91708	0.42701538705
16.00878	0.42943428705
16.10047	0.33355748705
16.19216	0.44372888705
16.28386	0.63876278705
16.37555	0.91981878705
16.46724	0.99407878705
16.55893	0.74820488705
16.65063	0.71670618705
16.74232	0.85219578705
16.83401	0.74830818705
16.9257	1.14023578705
17.0174	1.28540778705
17.10909	1.05818778705
17.20078	0.92356478705
17.29248	1.17026378705
17.38417	1.04770878705
17.47586	0.67020368705
17.56756	0.60002078705
17.65925	0.48271848705
17.75094	0.55636538705
17.84263	0.43904198705
17.93433	0.36828178705
18.02602	0.48131908705
18.11771	0.32933428705
18.20941	0.38190438705
18.3011	0.41112348705
18.39279	0.33979078705
18.48449	0.52306158705
18.57618	0.56904888705
18.66787	0.86390378705
18.75956	0.59568108705
18.85126	0.25111878705
18.94295	0.48203718705
19.03464	0.38218848705
19.12634	0.34666748705
19.21803	0.37460018705
19.30972	0.35254748705
19.40141	0.0822379870505
19.49311	0.33992398705
19.5848	0.42626018705
19.67649	0.38134478705
19.76819	0.21552278705
19.85988	0.19299448705
19.95157	0.48487408705
20.04326	0.45271348705
20.13496	0.21965158705
20.22665	0.34122618705
20.31834	0.46467798705
20.41004	0.25594198705
20.50173	0.17747268705
20.59342	0.27046578705
20.68512	0.43172218705
20.77681	0.37320418705
20.8685	0.26520298705
20.96019	0.16365708705
21.05189	0.26049828705
