5.242817	0.3513265
5.273802	-1.464736
5.304788	-1.154308
5.335773	1.023468
5.366758	-0.5446628
5.397744	-1.559342
5.428729	-1.311241
5.459714	-0.3718189
5.4907	-0.4774367
5.521685	-0.1085844
5.55267	0.1935284
5.583656	-0.4045895
5.614641	-1.316609
5.645627	0.1946054
5.676612	-0.2820018
5.707598	-0.5221925
5.738583	-0.4454403
5.769568	-1.300198
5.800553	-0.2376911
5.831539	-0.2875021
5.862525	0.08894393
5.89351	-0.1233288
5.924495	0.6308279
5.955481	0.05656743
5.986466	-0.04277163
6.017451	1.085468
6.048437	0.8008215
6.079422	1.918702
6.110407	1.325851
6.141393	0.7193971
6.172378	2.036318
6.203363	2.215239
6.234349	1.793474
6.265334	1.286391
6.296319	1.446908
6.327305	1.010673
6.35829	0.7645539
6.389276	0.7237672
6.420261	0.4003125
6.451246	-0.151058
6.482232	1.285856
6.513217	1.171269
6.544202	0.7217248
6.575188	0.5873736
6.606173	0.01811155
6.637158	1.082299
6.668144	1.544622
6.699129	-0.05692627
6.730114	0.05544884
6.7611	0.5678294
6.792085	1.734728
6.823071	1.568739
6.854056	0.9831395
6.885041	0.8411093
6.916027	0.9121605
6.947012	1.376598
6.977998	0.9462541
7.008983	1.492733
7.039968	1.266645
7.070954	0.674405
7.101939	0.4107399
7.132924	0.7486483
7.16391	1.445092
7.194895	1.071471
7.225881	1.771189
7.256866	0.9871305
7.287851	2.338264
7.318837	2.155501
7.349822	2.072114
7.380807	2.46724
7.411793	1.453243
7.442778	0.9508668
7.473763	1.39698
7.504749	2.77041
7.535734	4.089458
7.56672	5.606973
7.595799	3.935668
7.657894	2.927327
7.719988	0.8892167
7.782082	2.175233
7.844176	2.138933
7.906271	2.39134
7.968365	1.70233
8.030458	0.4373317
8.092554	0.25858475
8.154648	1.409333
8.216742	1.575752
8.278836	1.517646
8.34093	1.895399
8.403025	0.9305412
8.465118	1.1783222
8.527213	1.3019109
8.589307	1.608362
8.651402	1.933839
8.713495	0.6019427
8.77559	0.29217842
8.837685	0.5969071
8.899778	1.1833119
8.961872	1.1428311
9.023967	0.39067399
9.086061	0.33949513
9.148155	-0.1676757
9.210249	-0.3283606
9.272344	-0.2563947
9.334438	0.2778203
9.396532	0.6379092
9.458626	0.28050618
9.52072	-0.1470609
9.582815	0.39554622
9.644909	0.725758
9.707003	0.29464949
9.769097	0.4946772
9.831192	0.4883298
9.893286	0.7018348
9.95538	0.857578
10.01747	0.4182457
10.07957	0.25014289
10.14166	0.6186284
10.20376	0.28377701
10.26585	0.25806257
10.32795	-0.0869856
10.39004	-0.0237913
10.45213	0.35402697
10.51423	-0.0639488
10.57632	0.2005184
10.63842	1.003221
10.70051	0.9350001
10.7626	0.0769355
10.8247	0.22476468
10.88679	0.808705
10.94889	1.398349
11.01098	1.377673
11.07308	2.036378
11.13517	2.859139
11.19726	3.823479
11.25936	3.974525
11.32145	2.900828
11.38355	2.606571
11.44564	2.102589
11.50774	1.419379
11.56983	0.7401177
11.63192	-0.1543578
11.69402	0.9813195
11.75611	0.8120592
11.81821	1.0590394
11.8803	1.1813757
11.9424	1.514679
12.00449	2.125079
12.06658	1.618993
12.12868	1.446241
12.19077	1.1401787
12.25287	1.481757
12.31496	1.480669
12.37705	1.0868759
12.43915	1.657301
12.50124	1.625791
12.56334	2.164918
12.62543	2.399952
12.68753	2.010803
12.74962	3.067354
12.81171	3.165531
12.87381	2.185017
12.9359	1.539529
12.998	1.406843
13.06009	1.2874039
13.12218	1.339068
13.18428	1.397491
13.24637	0.9558526
13.30847	1.0420961
13.37056	1.1665261
13.43266	1.1069617
13.49475	1.322813
13.55684	0.9415904
13.61894	1.828254
13.68103	1.664555
13.74313	1.1309623
13.80522	1.431956
13.86732	1.441643
13.92941	1.1454699
13.9915	0.9677415
14.0536	0.93481
14.11569	0.9525129
14.17779	1.2490185
14.23988	1.540166
14.30198	1.361009
14.36407	0.6641275
14.42616	1.051005
14.48826	0.7692276
14.55035	0.39295214
14.61245	0.39217074
14.63338	0.6529014
14.72508	0.7462606
14.81677	0.6626258
14.90846	0.3361995
15.00015	0.4487474
15.09185	0.6208154
15.18354	0.6481558
15.27523	0.2473874
15.36693	-0.04194674
15.45862	0.6870283
15.55031	0.8695
15.642	0.8273759
15.7337	0.7687618
15.82539	0.5856974
15.91708	0.8643348
16.00878	0.6124367
16.10047	0.4189723
16.19216	0.7504604
16.28386	1.305656
16.37555	1.622137
16.46724	1.412818
16.55893	0.985571
16.65063	1.348519
16.74232	1.315007
16.83401	0.9745494
16.9257	1.974374
17.0174	2.179104
17.10909	1.635812
17.20078	1.365324
17.29248	1.540653
17.38417	1.418468
17.47586	1.263022
17.56756	1.180069
17.65925	1.123224
17.75094	0.9013149
17.84263	0.9107231
17.93433	0.9310384
18.02602	0.8263937
18.11771	0.6071707
18.20941	0.8008078
18.3011	0.5885387
18.39279	1.131791
18.48449	0.3218337
18.57618	0.7541615
18.66787	1.837723
18.75956	1.436302
18.85126	0.5424076
18.94295	0.5163456
19.03464	0.7422408
19.12634	0.9298027
19.21803	0.7518453
19.30972	0.693486
19.40141	0.9622716
19.49311	0.4705143
19.5848	0.263815
19.67649	0.371806
19.76819	0.8650965
19.85988	1.019383
19.95157	0.9900463
20.04326	0.6058391
20.13496	0.8033936
20.22665	1.326556
20.31834	1.14921
20.41004	0.9280338
20.50173	0.7392738
20.59342	0.9391524
20.68512	1.229277
20.77681	0.7706187
20.8685	0.96052
20.96019	0.5723102
21.05189	0.8256705
