5.242817	0.4519453
5.273802	0.4900455
5.304788	0.4549143
5.335773	0.4141669
5.366758	0.3796993
5.397744	0.3652187
5.428729	0.3382683
5.459714	0.2843187
5.4907	0.2774087
5.521685	0.2642831
5.55267	0.2595878
5.583656	0.261304
5.614641	0.2767816
5.645627	0.2674911
5.676612	0.2646247
5.707598	0.2626376
5.738583	0.2585898
5.769568	0.2652304
5.800553	0.2905098
5.831539	0.3152204
5.862525	0.3130152
5.89351	0.3454871
5.924495	0.3366162
5.955481	0.3641486
5.986466	0.3710642
6.017451	0.3707967
6.048437	0.3362897
6.079422	0.3204907
6.110407	0.2689447
6.141393	0.2755914
6.172378	0.2702326
6.203363	0.2644379
6.234349	0.237438
6.265334	0.2361096
6.296319	0.2328358
6.327305	0.2565895
6.35829	0.2431959
6.389276	0.2593076
6.420261	0.2453218
6.451246	0.2528361
6.482232	0.2571722
6.513217	0.2822321
6.544202	0.3231479
6.575188	0.348557
6.606173	0.3624063
6.637158	0.3664295
6.668144	0.3770987
6.699129	0.3825061
6.730114	0.3535923
6.7611	0.3366826
6.792085	0.3477063
6.823071	0.3639486
6.854056	0.3278399
6.885041	0.3258964
6.916027	0.33448
6.947012	0.3242495
6.977998	0.3260801
7.008983	0.3393394
7.039968	0.33187
7.070954	0.3343703
7.101939	0.3323676
7.132924	0.3291061
7.16391	0.3581564
7.194895	0.3881555
7.225881	0.3938996
7.256866	0.4303159
7.287851	0.4695648
7.318837	0.5055123
7.349822	0.5169751
7.380807	0.5426324
7.411793	0.5284616
7.442778	0.5276975
7.473763	0.5219733
7.504749	0.5220473
7.535734	0.5419623
7.595799	0.3101572
7.657894	0.3185776
7.719988	0.2670548
7.782082	0.2541021
7.844176	0.2277811
7.906271	0.2387455
7.968365	0.2110596
8.030458	0.2223795
8.092554	0.213223
8.154648	0.2023971
8.216742	0.2034816
8.278836	0.2198358
8.34093	0.2097169
8.403025	0.2068031
8.465118	0.2350614
8.527213	0.22334
8.589307	0.2326711
8.651402	0.2329268
8.713495	0.2166393
8.77559	0.1937704
8.837685	0.1711554
8.899778	0.1664526
8.961872	0.1763466
9.023967	0.1617023
9.086061	0.156987
9.148155	0.1636198
9.210249	0.1528067
9.272344	0.1533326
9.334438	0.1589134
9.396532	0.1433988
9.458626	0.1577147
9.52072	0.1484383
9.582815	0.1466113
9.644909	0.1463704
9.707003	0.1430499
9.769097	0.1487704
9.831192	0.1465139
9.893286	0.1571589
9.95538	0.1634119
10.01747	0.1677871
10.07957	0.1799072
10.14166	0.1687523
10.20376	0.164215
10.26585	0.152868
10.32795	0.1527835
10.39004	0.1581523
10.45213	0.1446515
10.51423	0.1438904
10.57632	0.1357195
10.63842	0.1420964
10.70051	0.1272061
10.7626	0.1310504
10.8247	0.1269305
10.88679	0.1364777
10.94889	0.1283888
11.01098	0.13517
11.07308	0.145417
11.13517	0.1510155
11.19726	0.1414366
11.25936	0.1447024
11.32145	0.156128
11.38355	0.1626598
11.44564	0.1803517
11.50774	0.1770682
11.56983	0.1930795
11.63192	0.192483
11.69402	0.183828
11.75611	0.1637019
11.81821	0.1660661
11.8803	0.1590953
11.9424	0.1446822
12.00449	0.156499
12.06658	0.1393454
12.12868	0.1362974
12.19077	0.1414338
12.25287	0.1454599
12.31496	0.1327007
12.37705	0.1397682
12.43915	0.1391024
12.50124	0.1478796
12.56334	0.1330808
12.62543	0.1510752
12.68753	0.1548845
12.74962	0.1526875
12.81171	0.1618646
12.87381	0.168804
12.9359	0.1769736
12.998	0.1853493
13.06009	0.1823717
13.12218	0.1876511
13.18428	0.176633
13.24637	0.1704259
13.30847	0.1566245
13.37056	0.1625111
13.43266	0.1586774
13.49475	0.1528765
13.55684	0.1527722
13.61894	0.1785216
13.68103	0.1536291
13.74313	0.165834
13.80522	0.1668755
13.86732	0.1592668
13.92941	0.1691892
13.9915	0.1811209
14.0536	0.193564
14.11569	0.2193973
14.17779	0.2234455
14.23988	0.2249305
14.30198	0.2325211
14.36407	0.2351824
14.45	0.06322621
14.54169	0.06058503
14.63338	0.06200459
14.72508	0.06572108
14.81677	0.07300025
14.90846	0.0605499
15.00015	0.06176024
15.09185	0.05822517
15.18354	0.05906601
15.27523	0.06159069
15.36693	0.06041419
15.45862	0.06074596
15.55031	0.05655285
15.642	0.05918469
15.7337	0.05813842
15.82539	0.06024986
15.91708	0.06894265
16.00878	0.07093642
16.10047	0.1941971
16.19216	0.1239983
16.28386	0.07855568
16.37555	0.07789215
16.46724	0.07289211
16.55893	0.07298618
16.65063	0.07084721
16.74232	0.06619345
16.83401	0.07303545
16.9257	0.1287706
17.0174	0.0678767
17.10909	0.06487084
17.20078	0.06388997
17.29248	0.07127555
17.38417	0.06492046
17.47586	0.06914093
17.56756	0.06160533
17.65925	0.0619934
17.75094	0.06507073
17.84263	0.06699345
17.93433	0.07457768
18.02602	0.06828623
18.11771	0.06393698
18.20941	0.07092019
18.3011	0.06686141
18.39279	0.06545503
18.48449	0.07837417
18.57618	0.07634147
18.66787	0.06822719
18.75956	0.09287297
18.85126	0.08207822
18.94295	0.1114739
19.03464	0.08004118
19.12634	0.09991142
19.21803	0.09538191
19.30972	0.1043314
19.40141	0.1083359
19.49311	0.1200384
19.5848	0.1218461
19.67649	0.1262237
19.76819	0.1283319
19.85988	0.1328504
19.95157	0.1016572
20.04326	0.1106425
20.13496	0.09772864
20.22665	0.1100905
20.31834	0.09809849
20.41004	0.1017246
20.50173	0.1060353
20.59342	0.1027568
20.68512	0.1193964
20.77681	0.1275343
20.8685	0.1279522
20.96019	0.1287374
21.05189	0.1462358
