5.242817	-0.6275098
5.273802	-1.42948
5.304788	-1.159039
5.335773	0.3478782
5.366758	-1.804256
5.397744	-1.670523
5.428729	-0.9047148
5.459714	-0.4452594
5.4907	-0.8304823
5.521685	-0.2563752
5.55267	0.6413886
5.583656	-0.4122672
5.614641	-1.20169
5.645627	-0.04266691
5.676612	-0.3250343
5.707598	-0.603532
5.738583	-0.5701354
5.769568	-0.9040228
5.800553	-0.4914314
5.831539	-0.9591157
5.862525	-0.1874907
5.89351	-0.5484238
5.924495	-0.2108455
5.955481	-0.5345357
5.986466	-0.5693531
6.017451	0.6919488
6.048437	-0.07095976
6.079422	2.000008
6.110407	1.235406
6.141393	0.4157121
6.172378	0.7540632
6.203363	0.4958942
6.234349	0.8249642
6.265334	0.7389807
6.296319	1.191389
6.327305	0.2372976
6.35829	0.2808792
6.389276	0.7941676
6.420261	-0.3434273
6.451246	-0.6082163
6.482232	1.533054
6.513217	1.174247
6.544202	0.2922384
6.575188	0.4679258
6.606173	0.5921956
6.637158	1.48629
6.668144	1.079236
6.699129	0.1595753
6.730114	-1.108422
6.7611	0.2394581
6.792085	1.90441
6.823071	0.943345
6.854056	0.5408861
6.885041	0.8034481
6.916027	0.8546612
6.947012	1.70966
6.977998	0.2381087
7.008983	1.11446
7.039968	1.512796
7.070954	0.5073127
7.101939	0.03881254
7.132924	0.7013206
7.16391	2.147523
7.194895	1.911182
7.225881	1.76507
7.256866	0.7023259
7.287851	1.798954
7.318837	2.728556
7.349822	1.42097
7.380807	1.662974
7.411793	1.403101
7.442778	0.9507905
7.473763	0.5258325
7.504749	0.4306494
7.535734	2.157033
7.595799	2.065228
7.657894	0.3570712
7.719988	-0.7693451
7.782082	0.4035563
7.844176	0.1941355
7.906271	0.2251586
7.968365	-0.1831886
8.030458	-0.6930734
8.092554	-1.257273
8.154648	0.1911157
8.216742	0.6581619
8.278836	0.5701582
8.34093	0.5709049
8.403025	-0.04438524
8.465118	-0.0551427
8.527213	-0.001525401
8.589307	0.1389642
8.651402	0.8519115
8.713495	-0.1264328
8.77559	-0.2925828
8.837685	-0.2067293
8.899778	0.5712757
8.961872	0.5175443
9.023967	-0.3922696
9.086061	-0.6525611
9.148155	-0.6335837
9.210249	-0.9864537
9.272344	-1.08991
9.334438	-0.5761654
9.396532	-0.1892264
9.458626	-0.8507338
9.52072	-0.896494
9.582815	-0.3803814
9.644909	-0.2272256
9.707003	-0.6603045
9.769097	-0.1258897
9.831192	0.1176769
9.893286	0.02677253
9.95538	0.3144064
10.01747	-0.0989002
10.07957	-0.3540449
10.14166	-0.3610287
10.20376	-0.4890618
10.26585	-0.03604748
10.32795	-0.6830769
10.39004	-0.6762378
10.45213	-0.1799021
10.51423	-0.4712828
10.57632	-0.4055803
10.63842	0.1070189
10.70051	0.07741529
10.7626	-0.432136
10.8247	-0.645611
10.88679	0.1620321
10.94889	0.3091199
11.01098	0.4992659
11.07308	0.7164646
11.13517	1.178953
11.19726	1.456716
11.25936	1.378337
11.32145	0.9162432
11.38355	0.5896719
11.44564	-0.00750786
11.50774	0.3303212
11.56983	-0.3421181
11.63192	-0.6997821
11.69402	-0.08557811
11.75611	-0.06307589
11.81821	0.214263
11.8803	0.4066285
11.9424	0.5998352
12.00449	0.8809236
12.06658	0.4269443
12.12868	0.2171251
12.19077	-0.09787692
12.25287	0.3827178
12.31496	0.02835364
12.37705	-0.2071415
12.43915	0.3516268
12.50124	0.4233417
12.56334	0.927225
12.62543	1.010609
12.68753	0.5306927
12.74962	0.7556041
12.81171	1.036018
12.87381	0.9735014
12.9359	0.5708021
12.998	0.6351633
13.06009	0.598837
13.12218	0.5145716
13.18428	0.1464023
13.24637	0.5358622
13.30847	0.1926381
13.37056	0.5884539
13.43266	0.2885536
13.49475	0.1967933
13.55684	-0.06983817
13.61894	1.186777
13.68103	1.008803
13.74313	0.9233877
13.80522	0.6619992
13.86732	0.9435911
13.92941	0.3450947
13.9915	0.1951113
14.0536	0.1674213
14.11569	0.1091365
14.17779	0.665705
14.23988	1.343517
14.30198	0.6695708
14.36407	0.2671904
14.45	-0.03688769
14.54169	0.1082689
14.63338	0.07178038
14.72508	0.07605555
14.81677	0.07239763
14.90846	-0.1450681
15.00015	0.1393231
15.09185	0.01368799
15.18354	0.194252
15.27523	-0.09990696
15.36693	-0.2768712
15.45862	0.4245496
15.55031	0.3012573
15.642	0.2362867
15.7337	0.3270535
15.82539	0.2970516
15.91708	0.2843883
16.00878	0.1091772
16.10047	0.09255954
16.19216	0.4748792
16.28386	0.5796338
16.37555	0.5103989
16.46724	0.3359798
16.55893	0.09547484
16.65063	0.5122666
16.74232	0.3696019
16.83401	0.3249728
16.9257	0.7063664
17.0174	0.708399
17.10909	0.4504679
17.20078	0.5270371
17.29248	0.6667361
17.38417	0.56969
17.47586	0.3828742
17.56756	0.3152155
17.65925	0.1220467
17.75094	-0.1289964
17.84263	-0.1262868
17.93433	-0.2012713
18.02602	0.1799089
18.11771	-0.04442843
18.20941	0.256806
18.3011	-0.000180987
18.39279	0.4648117
18.48449	-0.06885704
18.57618	-0.006650367
18.66787	0.4929835
18.75956	0.3215693
18.85126	0.01878696
18.94295	0.0125204
19.03464	0.107197
19.12634	0.3370825
19.21803	0.1871853
19.30972	0.4029933
19.40141	0.1723206
19.49311	0.2794952
19.5848	-0.1238237
19.67649	-0.1886978
19.76819	-0.04902572
19.85988	0.505775
19.95157	0.2670513
20.04326	-0.2768557
20.13496	0.1600614
20.22665	0.6996627
20.31834	0.5996152
20.41004	0.4287822
20.50173	0.105063
20.59342	0.2566198
20.68512	0.7749228
20.77681	0.2391172
20.8685	0.4059006
20.96019	0.3880851
21.05189	0.1901363
