5.242817	0.4453311
5.273802	0.4739968
5.304788	0.4326875
5.335773	0.4006575
5.366758	0.374261
5.397744	0.3616858
5.428729	0.3190017
5.459714	0.284012
5.4907	0.2753769
5.521685	0.2527372
5.55267	0.2503806
5.583656	0.2564502
5.614641	0.2719237
5.645627	0.2523945
5.676612	0.2562425
5.707598	0.2486355
5.738583	0.2581857
5.769568	0.2617077
5.800553	0.2775359
5.831539	0.3006479
5.862525	0.2986004
5.89351	0.3768422
5.924495	0.3491741
5.955481	0.3570161
5.986466	0.3546449
6.017451	0.354541
6.048437	0.3334974
6.079422	0.2950718
6.110407	0.2656955
6.141393	0.2729395
6.172378	0.2667727
6.203363	0.264738
6.234349	0.2344232
6.265334	0.2440352
6.296319	0.2273222
6.327305	0.2458187
6.35829	0.2490361
6.389276	0.2788039
6.420261	0.2527251
6.451246	0.2517057
6.482232	0.2550642
6.513217	0.2791212
6.544202	0.3173924
6.575188	0.3455771
6.606173	0.3497488
6.637158	0.3668391
6.668144	0.359727
6.699129	0.3540597
6.730114	0.3438249
6.7611	0.342054
6.792085	0.3448281
6.823071	0.3390017
6.854056	0.3492943
6.885041	0.3162528
6.916027	0.3148682
6.947012	0.3094058
6.977998	0.3109711
7.008983	0.3253691
7.039968	0.3256493
7.070954	0.3278948
7.101939	0.3189777
7.132924	0.3120142
7.16391	0.3286088
7.194895	0.3559362
7.225881	0.3791834
7.256866	0.4037752
7.287851	0.4496601
7.318837	0.4677336
7.349822	0.5136413
7.380807	0.5301557
7.411793	0.507951
7.442778	0.5103189
7.473763	0.5023065
7.504749	0.492522
7.535734	0.4978997
7.56672	0.4995926
7.595799	0.3001225
7.657894	0.3081572
7.719988	0.2629024
7.782082	0.2594144
7.844176	0.2237489
7.906271	0.2363874
7.968365	0.2182216
8.030458	0.2149399
8.092554	0.2171578
8.154648	0.1951702
8.216742	0.2060006
8.278836	0.2131876
8.34093	0.2027186
8.403025	0.2068982
8.465118	0.2291149
8.527213	0.2217104
8.589307	0.2226923
8.651402	0.2192991
8.713495	0.204869
8.77559	0.1916865
8.837685	0.1716324
8.899778	0.1684528
8.961872	0.1737482
9.023967	0.1608048
9.086061	0.1662858
9.148155	0.1631986
9.210249	0.1457901
9.272344	0.1527271
9.334438	0.1533591
9.396532	0.146421
9.458626	0.1469842
9.52072	0.1373875
9.582815	0.1391349
9.644909	0.1428077
9.707003	0.1457044
9.769097	0.1883181
9.831192	0.1469939
9.893286	0.1476448
9.95538	0.1649289
10.01747	0.179024
10.07957	0.1717933
10.14166	0.1721742
10.20376	0.1691655
10.26585	0.153789
10.32795	0.146419
10.39004	0.1560528
10.45213	0.1474402
10.51423	0.1441363
10.57632	0.1378467
10.63842	0.1453985
10.70051	0.1309536
10.7626	0.1272467
10.8247	0.1267561
10.88679	0.1361261
10.94889	0.1248937
11.01098	0.1376331
11.07308	0.151474
11.13517	0.1467425
11.19726	0.146756
11.25936	0.1428954
11.32145	0.1533423
11.38355	0.1626801
11.44564	0.1845573
11.50774	0.1744363
11.56983	0.181502
11.63192	0.1882979
11.69402	0.1793829
11.75611	0.1695279
11.81821	0.162864
11.8803	0.1549047
11.9424	0.1436768
12.00449	0.1524702
12.06658	0.161491
12.12868	0.1418789
12.19077	0.1381736
12.25287	0.1456278
12.31496	0.1363202
12.37705	0.141057
12.43915	0.1397919
12.50124	0.139654
12.56334	0.1326073
12.62543	0.1430413
12.68753	0.1555887
12.74962	0.1576028
12.81171	0.1630183
12.87381	0.1659994
12.9359	0.173788
12.998	0.1836203
13.06009	0.1857703
13.12218	0.1859359
13.18428	0.1725426
13.24637	0.1725437
13.30847	0.16342
13.37056	0.1597395
13.43266	0.1525152
13.49475	0.1531373
13.55684	0.1455589
13.61894	0.1515917
13.68103	0.1473783
13.74313	0.1651459
13.80522	0.1562513
13.86732	0.1591974
13.92941	0.1572186
13.9915	0.1709492
14.0536	0.1813843
14.11569	0.2058757
14.17779	0.2106806
14.23988	0.2140646
14.30198	0.2178512
14.36407	0.2231549
14.42616	0.239151
14.48826	0.2233516
14.54169	0.1078974
14.63338	0.08297706
14.72508	0.08690148
14.81677	0.087468
14.90846	0.0819012
15.00015	0.07892209
15.09185	0.077016
15.18354	0.08146733
15.27523	0.07941397
15.36693	0.08169486
15.45862	0.08092968
15.55031	0.08161637
15.642	0.07512221
15.7337	0.07560827
15.82539	0.08273825
15.91708	0.08808217
16.00878	0.09124506
16.10047	0.08947077
16.19216	0.1030512
16.28386	0.09397566
16.37555	0.1012528
16.46724	0.09205198
16.55893	0.09700735
16.65063	0.09119768
16.74232	0.09533583
16.83401	0.09763132
16.9257	0.08695929
17.0174	0.08470801
17.10909	0.08257689
17.20078	0.08084036
17.29248	0.08488916
17.38417	0.08380693
17.47586	0.08609603
17.56756	0.07658758
17.65925	0.079159
17.75094	0.07831929
17.84263	0.08185039
17.93433	0.08365984
18.02602	0.08530339
18.11771	0.08078855
18.20941	0.08494172
18.3011	0.09243273
18.39279	0.0801951
18.48449	0.08312473
18.57618	0.1040407
18.66787	0.08839406
18.75956	0.1064689
18.85126	0.09499601
18.94295	0.09821311
19.03464	0.109437
19.12634	0.112301
19.21803	0.1195389
19.30972	0.1189986
19.40141	0.1325979
19.49311	0.1393861
19.5848	0.1451327
19.67649	0.1487359
19.76819	0.1451025
19.85988	0.1420891
19.95157	0.1258086
20.04326	0.1304361
20.13496	0.1213666
20.22665	0.1273667
20.31834	0.3053555
20.41004	0.1182873
20.50173	0.1372766
20.59342	0.1195408
20.68512	0.1413763
20.77681	0.1408829
20.8685	0.1514223
20.96019	0.1466042
21.05189	0.1602596
