5.242817	0.3111368
5.273802	0.3299371
5.304788	0.328512
5.335773	0.3067968
5.366758	0.2700081
5.397744	0.2538114
5.428729	0.2434996
5.459714	0.2033041
5.4907	0.1938819
5.521685	0.1919078
5.55267	0.1870606
5.583656	0.1871088
5.614641	0.2130461
5.645627	0.1826642
5.676612	0.1866566
5.707598	0.1886797
5.738583	0.1896104
5.769568	0.1935453
5.800553	0.1917612
5.831539	0.2333416
5.862525	0.2231641
5.89351	0.2451273
5.924495	0.2515814
5.955481	0.279581
5.986466	0.2764378
6.017451	0.2851256
6.048437	0.2429638
6.079422	0.2184078
6.110407	0.1916787
6.141393	0.2035024
6.172378	0.1973704
6.203363	0.2052033
6.234349	0.1741463
6.265334	0.1745532
6.296319	0.1777925
6.327305	0.1964303
6.35829	0.1881476
6.389276	0.1982899
6.420261	0.1784401
6.451246	0.1894238
6.482232	0.1943708
6.513217	0.2082005
6.544202	0.2414481
6.575188	0.2610413
6.606173	0.2688951
6.637158	0.2922849
6.668144	0.2801166
6.699129	0.3168857
6.730114	0.2531758
6.7611	0.2474915
6.792085	0.2757916
6.823071	0.262217
6.854056	0.2483498
6.885041	0.2548441
6.916027	0.2812159
6.947012	0.2422828
6.977998	0.2380538
7.008983	0.2373659
7.039968	0.248389
7.070954	0.2468069
7.101939	0.2403332
7.132924	0.2332913
7.16391	0.2520609
7.194895	0.2820126
7.225881	0.2993647
7.256866	0.3070894
7.287851	0.3392367
7.318837	0.3561207
7.349822	0.3865927
7.380807	0.4141173
7.411793	0.3936283
7.442778	0.3835569
7.473763	0.3651934
7.504749	0.3763218
7.595799	0.3373913
7.657894	0.3518509
7.719988	0.3097301
7.782082	0.2940467
7.844176	0.252919
7.906271	0.2609566
7.968365	0.2343971
8.030458	0.2866369
8.092554	0.2597069
8.154648	0.233155
8.216742	0.2248826
8.278836	0.2432164
8.34093	0.2321953
8.403025	0.2288954
8.465118	0.2494029
8.527213	0.2437998
8.589307	0.2792614
8.651402	0.2499828
8.713495	0.2259447
8.77559	0.209795
8.837685	0.1936455
8.899778	0.1850393
8.961872	0.1869756
9.023967	0.173059
9.086061	0.1689559
9.148155	0.1796247
9.210249	0.1730466
9.272344	0.1676948
9.334438	0.1645348
9.396532	0.1668125
9.458626	0.1723148
9.52072	0.1631706
9.582815	0.1625874
9.644909	0.1655938
9.707003	0.161669
9.769097	0.1656406
9.831192	0.1647783
9.893286	0.1759484
9.95538	0.1836287
10.01747	0.1857306
10.07957	0.1995538
10.14166	0.1860285
10.20376	0.1764814
10.26585	0.1608872
10.32795	0.1627812
10.39004	0.175731
10.45213	0.1640407
10.51423	0.161369
10.57632	0.1584895
10.63842	0.1607613
10.70051	0.1438209
10.7626	0.1431386
10.8247	0.1399459
10.88679	0.1494602
10.94889	0.1522878
11.01098	0.1482616
11.07308	0.1492479
11.13517	0.1593374
11.19726	0.1561089
11.25936	0.1558665
11.32145	0.1754131
11.38355	0.1842163
11.44564	0.1975552
11.50774	0.2002794
11.56983	0.2152235
11.63192	0.2082744
11.69402	0.1950114
11.75611	0.1824416
11.81821	0.1872699
11.8803	0.173051
11.9424	0.1552046
12.00449	0.1670952
12.06658	0.1606618
12.12868	0.1547891
12.19077	0.1549108
12.25287	0.1578422
12.31496	0.1528022
12.37705	0.1655597
12.43915	0.1460128
12.50124	0.1632108
12.56334	0.1453218
12.62543	0.1620589
12.68753	0.1742064
12.74962	0.1732489
12.81171	0.1734591
12.87381	0.1756996
12.9359	0.1851315
12.998	0.1978349
13.06009	0.1993574
13.12218	0.2005181
13.18428	0.1851525
13.24637	0.1920667
13.30847	0.1760097
13.37056	0.1800245
13.43266	0.1716583
13.49475	0.1716058
13.55684	0.1603669
13.61894	0.1558805
13.68103	0.1537085
13.74313	0.1734364
13.80522	0.1775834
13.86732	0.1711176
13.92941	0.1863986
13.9915	0.1937967
14.0536	0.2087096
14.11569	0.2240303
14.17779	0.2370817
14.23988	0.2397434
14.30198	0.2409897
14.36407	0.2534996
14.42616	0.2528242
14.48826	0.257592
14.55035	0.2425552
14.61245	0.2306151
14.67454	0.2119099
14.72508	0.07309886
14.81677	0.07191516
14.90846	0.06786878
15.00015	0.06568339
15.09185	0.06105774
15.18354	0.06454255
15.27523	0.06720449
15.36693	0.06339237
15.45862	0.06435803
15.55031	0.06391305
15.642	0.06358905
15.7337	0.06034021
15.82539	0.07697631
15.91708	0.07569406
16.00878	0.07850841
16.10047	0.07513668
16.19216	0.07724676
16.28386	0.0815309
16.37555	0.0873822
16.46724	0.08192811
16.55893	0.09059667
16.65063	0.07964389
16.74232	0.08328901
16.83401	0.08082971
16.9257	0.07800711
17.0174	0.07770432
17.10909	0.07531556
17.20078	0.0706938
17.29248	0.07594007
17.38417	0.07334784
17.47586	0.07870796
17.56756	0.06675082
17.65925	0.07269245
17.75094	0.06829216
17.84263	0.07527938
17.93433	0.08007066
18.02602	0.06933286
18.11771	0.07126023
18.20941	0.07518428
18.3011	0.07232527
18.39279	0.07042734
18.48449	0.07263922
18.57618	0.07808438
18.66787	0.07275878
18.75956	0.07788163
18.85126	0.08040702
18.94295	0.09388211
19.03464	0.08482758
19.12634	0.1530319
19.21803	0.1057605
19.30972	0.1133258
19.40141	0.1187564
19.49311	0.1256118
19.5848	0.1320852
19.67649	0.1359281
19.76819	0.1396197
19.85988	0.1313329
19.95157	0.1145056
20.04326	0.1245389
20.13496	0.1042999
20.22665	0.1167973
20.31834	0.1055989
20.41004	0.1124754
20.50173	0.117261
20.59342	0.1135133
20.68512	0.1278936
20.77681	0.1312736
20.8685	0.1461221
20.96019	0.141548
21.05189	0.146325
