5.242817	0.1226174
5.273802	0.1298879
5.304788	0.1152294
5.335773	0.09758396
5.366758	0.09428446
5.397744	0.09124058
5.428729	0.08611459
5.459714	0.07512669
5.4907	0.0716382
5.521685	0.06805997
5.55267	0.06946249
5.583656	0.06747492
5.614641	0.06721406
5.645627	0.06682894
5.676612	0.06760894
5.707598	0.0696981
5.738583	0.06406809
5.769568	0.07439228
5.800553	0.07750244
5.831539	0.07863677
5.862525	0.08558965
5.89351	0.09007619
5.924495	0.09617613
5.955481	0.09568052
5.986466	0.09558747
6.017451	0.09235411
6.048437	0.09092627
6.079422	0.08791161
6.110407	0.0808692
6.141393	0.08038265
6.172378	0.07797892
6.203363	0.07970288
6.234349	0.06935547
6.265334	0.06916094
6.296319	0.07445893
6.327305	0.08229081
6.35829	0.07565339
6.389276	0.08197526
6.420261	0.08355681
6.451246	0.07462098
6.482232	0.07717788
6.513217	0.08517817
6.544202	0.09434246
6.575188	0.1045679
6.606173	0.1098007
6.637158	0.1102802
6.668144	0.113024
6.699129	0.1077547
6.730114	0.1057854
6.7611	0.1069532
6.792085	0.1063612
6.823071	0.1030117
6.854056	0.1016728
6.885041	0.1029924
6.916027	0.1015344
6.947012	0.09773882
6.977998	0.1008275
7.008983	0.1039117
7.039968	0.1085656
7.070954	0.102948
7.101939	0.100856
7.132924	0.09959893
7.16391	0.1019969
7.194895	0.1085591
7.225881	0.1265272
7.256866	0.1378379
7.287851	0.1433337
7.318837	0.1486751
7.349822	0.15448
7.380807	0.1674499
7.411793	0.1625234
7.442778	0.1559496
7.473763	0.1500778
7.504749	0.1516631
7.535734	0.1601445
7.595799	0.08295737
7.657894	0.08096058
7.719988	0.0709667
7.782082	0.06190593
7.844176	0.06174888
7.906271	0.0642795
7.968365	0.06199008
8.030458	0.06105369
8.092554	0.05965484
8.154648	0.05510693
8.216742	0.05581032
8.278836	0.05659534
8.34093	0.05733266
8.403025	0.0717727
8.465118	0.06639741
8.527213	0.06536817
8.589307	0.0684815
8.651402	0.06430812
8.713495	0.06049091
8.77559	0.05758323
8.837685	0.05286251
8.899778	0.05045373
8.961872	0.05142448
9.023967	0.04968452
9.086061	0.04736684
9.148155	0.04384526
9.210249	0.04170457
9.272344	0.04070296
9.334438	0.0428275
9.396532	0.0441675
9.458626	0.04306432
9.52072	0.04223388
9.582815	0.04103244
9.644909	0.03749816
9.707003	0.03968631
9.769097	0.04282739
9.831192	0.0426993
9.893286	0.04283205
9.95538	0.04716758
10.01747	0.04552345
10.07957	0.04755184
10.14166	0.04564783
10.20376	0.04659127
10.26585	0.04155549
10.32795	0.04123668
10.39004	0.03950692
10.45213	0.04083627
10.51423	0.03926755
10.57632	0.03812264
10.63842	0.03741212
10.70051	0.03631339
10.7626	0.03669807
10.8247	0.03429666
10.88679	0.03646358
10.94889	0.03620549
11.01098	0.04131902
11.07308	0.04086761
11.13517	0.04045704
11.19726	0.04162589
11.25936	0.04203784
11.32145	0.04689455
11.38355	0.046183
11.44564	0.04776969
11.50774	0.05168733
11.56983	0.05665139
11.63192	0.0530086
11.69402	0.05152678
11.75611	0.05214224
11.81821	0.0467363
11.8803	0.04350859
11.9424	0.04606432
12.00449	0.04714786
12.06658	0.0455099
12.12868	0.04676847
12.19077	0.04796394
12.25287	0.0421644
12.31496	0.04223418
12.37705	0.04580707
12.43915	0.04673894
12.50124	0.04688268
12.56334	0.04767562
12.62543	0.04622474
12.68753	0.04751408
12.74962	0.04968579
12.81171	0.05340342
12.87381	0.06339786
12.9359	0.06013068
12.998	0.06854972
13.06009	0.07230962
13.12218	0.06527725
13.18428	0.05949562
13.24637	0.05848024
13.30847	0.05473935
13.37056	0.05460407
13.43266	0.05679191
13.49475	0.054144
13.55684	0.04998937
13.61894	0.05066685
13.68103	0.05241811
13.74313	0.05279127
13.80522	0.05445669
13.86732	0.05143006
13.92941	0.05370176
13.9915	0.05949055
14.0536	0.06088722
14.11569	0.06677996
14.17779	0.07310832
14.23988	0.07781585
14.30198	0.08286894
14.36407	0.07236908
14.42616	0.07996947
14.48826	0.0759972
14.55035	0.0774183
14.63338	0.03003643
14.72508	0.03185267
14.81677	0.03369626
14.90846	0.03110143
15.00015	0.02760012
15.09185	0.02723227
15.18354	0.03233592
15.27523	0.02860717
15.36693	0.02780361
15.45862	0.0249561
15.55031	0.02638777
15.642	0.02645675
15.7337	0.02707777
15.82539	0.03933924
15.91708	0.08187109
16.00878	0.03368373
16.10047	0.03248328
16.19216	0.03438094
16.28386	0.03553469
16.37555	0.03946047
16.46724	0.03448028
16.55893	0.03540661
16.65063	0.08894506
16.74232	0.08407912
16.83401	0.04450529
16.9257	0.03353887
17.0174	0.0320315
17.10909	0.03153291
17.20078	0.03160726
17.29248	0.03558365
17.38417	0.03197134
17.47586	0.03110843
17.56756	0.02985515
17.65925	0.0318635
17.75094	0.03012336
17.84263	0.03164341
17.93433	0.04323902
18.02602	0.0321585
18.11771	0.03481255
18.20941	0.0338128
18.3011	0.03591394
18.39279	0.03437502
18.48449	0.03076667
18.57618	0.05002607
18.66787	0.03501135
18.75956	0.03683774
18.85126	0.03832416
18.94295	0.0397762
19.03464	0.04065359
19.12634	0.07309506
19.21803	0.04900728
19.30972	0.0489841
19.40141	0.0536527
19.49311	0.07846054
19.5848	0.05613958
19.67649	0.0556413
19.76819	0.05848074
19.85988	0.0536686
19.95157	0.04681965
20.04326	0.04948518
20.13496	0.04802415
20.22665	0.05640978
20.31834	0.04959335
20.41004	0.04751237
20.50173	0.05989588
20.59342	0.04806451
20.68512	0.05268194
20.77681	0.06068054
20.8685	0.06405059
20.96019	0.07408252
21.05189	0.07290002
