5.242817	0.6432021
5.273802	0.7366411
5.304788	0.7085317
5.335773	0.6010035
5.366758	0.5674694
5.397744	0.7512369
5.428729	0.5716487
5.459714	0.6528481
5.4907	0.7605536
5.521685	0.6090864
5.55267	0.5082255
5.583656	0.5530115
5.614641	0.5400142
5.645627	0.6119499
5.676612	0.6083032
5.707598	0.446817
5.738583	0.4977877
5.769568	0.600107
5.800553	0.8633907
5.831539	0.6887167
5.862525	0.8940128
5.89351	0.4894612
5.924495	0.4672389
5.955481	0.6561742
5.986466	0.5966979
6.017451	1.0026838
6.048437	0.8513213
6.079422	0.9899477
6.110407	1.0109678
6.141393	1.2109303
6.172378	1.75111
6.203363	1.804835
6.234349	1.932824
6.265334	1.524944
6.296319	1.305942
6.327305	1.0823983
6.35829	1.0348796
6.389276	1.0702684
6.420261	0.852294
6.451246	0.8734041
6.482232	0.9851445
6.513217	0.8223531
6.544202	0.6977605
6.575188	0.8621853
6.606173	0.6832838
6.637158	0.7135922
6.668144	0.8196083
6.699129	1.085512
6.730114	1.1483974
6.7611	0.8361903
6.792085	0.7341693
6.823071	0.8384012
6.854056	0.8523826
6.885041	0.7873128
6.916027	0.9059859
6.947012	1.0256134
6.977998	0.8499986
7.008983	0.6836274
7.039968	0.9006361
7.070954	1.0071022
7.101939	1.1864124
7.132924	1.0197979
7.16391	0.9596286
7.194895	1.1362687
7.225881	1.32641
7.256866	1.43971
7.287851	1.391931
7.318837	1.1975261
7.349822	1.702287
7.380807	1.722627
7.411793	1.538609
7.442778	1.90268
7.473763	2.28849
7.504749	2.475404
7.535734	2.572921
7.595799	2.555029
7.657894	2.581792
7.719988	2.333318
7.782082	2.45317
7.844176	2.301454
7.906271	1.978182
7.968365	1.81225
8.030458	1.674361
8.092554	1.547391
8.154648	1.36772
8.216742	1.457273
8.278836	1.408326
8.34093	1.425856
8.403025	1.545896
8.465118	1.631235
8.527213	1.593621
8.589307	1.644016
8.651402	1.493082
8.713495	1.2231858
8.77559	1.1605527
8.837685	0.8742741
8.899778	0.6827155
8.961872	0.7777857
9.023967	0.6861007
9.086061	0.696295
9.148155	0.5840889
9.210249	0.6224021
9.272344	0.7315578
9.334438	0.7136227
9.396532	0.6871782
9.458626	0.7382676
9.52072	0.7398078
9.582815	0.6706178
9.644909	0.9167818
9.707003	0.8877358
9.769097	0.7527633
9.831192	0.6319638
9.893286	0.6827926
9.95538	0.7342771
10.01747	0.7800031
10.07957	0.6472597
10.14166	0.6729278
10.20376	0.8112358
10.26585	0.769722
10.32795	0.7759033
10.39004	0.8652816
10.45213	0.8966891
10.51423	0.9981144
10.57632	1.0917554
10.63842	0.9654127
10.70051	1.0329351
10.7626	1.1815441
10.8247	1.1343916
10.88679	1.1053086
10.94889	1.1522766
11.01098	1.409328
11.07308	1.729981
11.13517	2.697242
11.19726	4.04426
11.25936	4.197177
11.32145	3.22222
11.38355	2.512028
11.44564	2.200548
11.50774	1.83371
11.56983	1.678763
11.63192	1.408159
11.69402	1.318516
11.75611	1.308273
11.81821	1.322706
11.8803	1.407281
11.9424	1.507479
12.00449	1.520702
12.06658	1.471114
12.12868	1.566961
12.19077	1.585352
12.25287	1.61987
12.31496	1.612019
12.37705	1.653302
12.43915	1.685991
12.50124	1.693579
12.56334	1.801513
12.62543	1.884859
12.68753	1.979529
12.74962	2.034184
12.81171	1.643021
12.87381	1.3003253
12.9359	1.364897
12.998	1.1920672
13.06009	1.2093519
13.12218	1.14657
13.18428	1.1145548
13.24637	1.1617015
13.30847	1.1348371
13.37056	0.9962211
13.43266	1.2955424
13.49475	1.1438118
13.55684	1.1353471
13.61894	1.1769836
13.68103	1.1142
13.74313	0.9233559
13.80522	0.8045422
13.86732	0.784182
13.92941	1.1034793
13.9915	0.9853645
14.0536	0.869934
14.11569	1.0263153
14.17779	1.059726
14.23988	1.2065588
14.30198	1.1781966
14.36407	1.0272939
14.42616	0.9143202
14.48826	0.8624018
14.55035	0.893202
14.63338	0.7979461
14.72508	0.9249257
14.81677	0.95522
14.90846	0.8984439
15.00015	0.8966517
15.09185	0.9629998
15.18354	1.0138591
15.27523	1.006347
15.36693	0.9121954
15.45862	0.7844026
15.55031	0.9902321
15.642	0.9189817
15.7337	1.0592326
15.82539	1.0862644
15.91708	1.0661756
16.00878	0.9719781
16.10047	1.0742091
16.19216	1.1921815
16.28386	1.372328
16.37555	1.751479
16.46724	1.905861
16.55893	1.399223
16.65063	1.401151
16.74232	1.537713
16.83401	1.457368
16.9257	2.303283
17.0174	2.820004
17.10909	2.101586
17.20078	1.654078
17.29248	1.857278
17.38417	1.72122
17.47586	1.421557
17.56756	1.2758827
17.65925	1.346557
17.75094	1.319114
17.84263	1.1766106
17.93433	1.0976448
18.02602	1.0716954
18.11771	1.1091613
18.20941	0.940388
18.3011	0.976792
18.39279	1.0028953
18.48449	1.1826975
18.57618	1.0499471
18.66787	1.2141846
18.75956	1.0650353
18.85126	1.0516569
18.94295	1.14029
19.03464	0.9019914
19.12634	1.033071
19.21803	0.8240358
19.30972	1.0880093
19.40141	0.9429656
19.49311	1.0809581
19.5848	1.1044697
19.67649	1.0501926
19.76819	0.9968628
19.85988	0.8794385
19.95157	1.0679258
20.04326	1.0216434
20.13496	0.8181119
20.22665	0.8414605
20.31834	1.1533871
20.41004	0.9410221
20.50173	0.8647296
20.59342	0.9635606
20.68512	1.0421805
20.77681	0.9729292
20.8685	1.1643771
20.96019	0.8905204
21.05189	0.7657666
