5.242817	0.1494826
5.273802	0.2850004
5.304788	0.3697161
5.335773	0.3770832
5.366758	0.1447984
5.397744	0.2234766
5.428729	0.2903631
5.459714	0.3162276
5.4907	0.2776996
5.521685	0.3206337
5.55267	0.4075795
5.583656	0.275961
5.614641	0.07713787
5.645627	0.2614485
5.676612	0.4138217
5.707598	0.3565334
5.738583	0.1441922
5.769568	0.3543104
5.800553	0.4382538
5.831539	0.3956403
5.862525	0.6085427
5.89351	0.1966754
5.924495	0.32765
5.955481	0.4299293
5.986466	0.3120131
6.017451	0.62669
6.048437	0.54579
6.079422	0.4757072
6.110407	0.5460219
6.141393	0.8468007
6.172378	1.426287
6.203363	1.591354
6.234349	1.576619
6.265334	1.212212
6.296319	0.9373225
6.327305	0.8202589
6.35829	0.9158288
6.389276	0.8266228
6.420261	0.7106786
6.451246	0.7186184
6.482232	0.6643089
6.513217	0.5301672
6.544202	0.4821683
6.575188	0.6398636
6.606173	0.4225068
6.637158	0.5174205
6.668144	0.6129095
6.699129	0.6768776
6.730114	0.6958766
6.7611	0.4730773
6.792085	0.5457582
6.823071	0.6588328
6.854056	0.5673568
6.885041	0.5116419
6.916027	0.554554
6.947012	0.8297027
6.977998	0.782172
7.008983	0.5121256
7.039968	0.6811008
7.070954	0.7897491
7.101939	0.9365621
7.132924	0.8951951
7.16391	0.8219108
7.194895	0.8196599
7.225881	0.9719192
7.256866	1.198996
7.287851	1.335146
7.318837	0.9498225
7.349822	1.374006
7.380807	1.507159
7.411793	1.406092
7.442778	1.673041
7.473763	2.039495
7.504749	2.199176
7.535734	2.205618
7.595799	2.280892
7.657894	2.293211
7.719988	2.169647
7.782082	2.177793
7.844176	2.032189
7.906271	1.567158
7.968365	1.49377
8.030458	1.217189
8.092554	1.229565
8.154648	0.9903403
8.216742	1.10161
8.278836	1.143699
8.34093	1.094547
8.403025	1.354724
8.465118	1.364107
8.527213	1.502347
8.589307	1.588952
8.651402	1.410388
8.713495	1.121709
8.77559	1.001145
8.837685	0.7234418
8.899778	0.6078665
8.961872	0.5704467
9.023967	0.5369366
9.086061	0.5345631
9.148155	0.4089895
9.210249	0.4942722
9.272344	0.5407459
9.334438	0.5317635
9.396532	0.4276477
9.458626	0.4632082
9.52072	0.4412635
9.582815	0.3703122
9.644909	0.4872846
9.707003	0.5631405
9.769097	0.4667668
9.831192	0.4223024
9.893286	0.433618
9.95538	0.416175
10.01747	0.4267839
10.07957	0.3761551
10.14166	0.4130718
10.20376	0.4989879
10.26585	0.4405666
10.32795	0.4128202
10.39004	0.4158616
10.45213	0.4991961
10.51423	0.5698751
10.57632	0.575509
10.63842	0.63401
10.70051	0.6395548
10.7626	0.8148957
10.8247	0.8176228
10.88679	0.7547052
10.94889	0.9543806
11.01098	1.175352
11.07308	1.397356
11.13517	2.22841
11.19726	3.479001
11.25936	3.788818
11.32145	2.864413
11.38355	2.005228
11.44564	1.772386
11.50774	1.510822
11.56983	1.307895
11.63192	0.9658483
11.69402	0.885728
11.75611	0.8813165
11.81821	0.9329454
11.8803	0.9177366
11.9424	1.062251
12.00449	1.126963
12.06658	0.9939133
12.12868	1.079934
12.19077	1.022271
12.25287	1.025241
12.31496	1.180079
12.37705	1.193931
12.43915	1.205763
12.50124	1.369339
12.56334	1.473183
12.62543	1.481214
12.68753	1.622414
12.74962	1.630766
12.81171	1.411375
12.87381	0.9288423
12.9359	0.9048135
12.998	0.7375572
13.06009	0.6857597
13.12218	0.7697383
13.18428	0.6675532
13.24637	0.7143127
13.30847	0.7759952
13.37056	0.6403453
13.43266	0.887116
13.49475	0.7497488
13.55684	0.6635047
13.61894	0.8229333
13.68103	0.7912484
13.74313	0.5632815
13.80522	0.3934865
13.86732	0.4366994
13.92941	0.7135402
13.9915	0.654349
14.0536	0.5216414
14.11569	0.5045491
14.17779	0.7644199
14.23988	0.8220278
14.30198	0.8683079
14.36407	0.6964103
14.42616	0.6486912
14.54169	0.60168846
14.63338	0.43242416
14.72508	0.51663676
14.81677	0.66335256
14.90846	0.52821906
15.00015	0.56011496
15.09185	0.56078916
15.18354	0.61893196
15.27523	0.61093656
15.36693	0.60330776
15.45862	0.50843626
15.55031	0.61072236
15.642	0.52598826
15.7337	0.66205316
15.82539	0.71694546
15.91708	0.68803326
16.00878	0.65320616
16.10047	0.67953686
16.19216	0.74999686
16.28386	0.88606406
16.37555	1.46470066
16.46724	1.53984166
16.55893	1.18070466
16.65063	0.93659996
16.74232	1.15013766
16.83401	0.97351546
16.9257	1.30809666
17.0174	1.47434866
17.10909	1.37950966
17.20078	1.24331566
17.29248	1.32843366
17.38417	1.32083966
17.47586	0.95052926
17.56756	0.90431596
17.65925	0.87374806
17.75094	0.91614826
17.84263	0.81764466
17.93433	0.75396456
18.02602	0.63339626
18.11771	0.65299826
18.20941	0.61681766
18.3011	0.57225056
18.39279	0.66873726
18.48449	0.77994416
18.57618	0.61735906
18.66787	0.74886176
18.75956	0.69055146
18.85126	0.63817746
18.94295	0.78057626
19.03464	0.76497606
19.12634	0.63038146
19.21803	0.58480746
19.30972	0.68111116
19.40141	0.50646916
19.49311	0.58416416
19.5848	0.76240916
19.67649	0.67322106
19.76819	0.56672136
19.85988	0.50209076
19.95157	0.69205926
20.04326	0.60158636
20.13496	0.53978936
20.22665	0.45813706
20.31834	0.57744606
20.41004	0.52441196
20.50173	0.50939206
20.59342	0.48794816
20.68512	0.73911166
20.77681	0.53947096
20.8685	0.62565736
20.96019	0.65540676
21.05189	0.57325436
