5.242817	0.3725323
5.273802	0.4083455
5.304788	0.3911227
5.335773	0.3248042
5.366758	0.2637615
5.397744	0.303253
5.428729	0.3780336
5.459714	0.4081565
5.4907	0.5714642
5.521685	0.5731868
5.55267	0.436448
5.583656	0.2358574
5.614641	0.1552834
5.645627	0.3004331
5.676612	0.2461912
5.707598	0.1704872
5.738583	0.2613797
5.769568	0.3137801
5.800553	0.5173558
5.831539	0.4017237
5.862525	0.6704446
5.89351	0.1811136
5.924495	0.04853016
5.955481	0.2497335
5.986466	0.02346134
6.017451	0.4903365
6.048437	0.5450289
6.079422	0.4410949
6.110407	0.399159
6.141393	0.5565788
6.172378	0.9391038
6.203363	0.9438173
6.234349	0.8959016
6.265334	0.6790686
6.296319	0.5645137
6.327305	0.4438848
6.35829	0.6013557
6.389276	0.627598
6.420261	0.4680318
6.451246	0.4615779
6.482232	0.6579053
6.513217	0.5556017
6.544202	0.4774533
6.575188	0.5316114
6.606173	0.3280467
6.637158	0.3786077
6.668144	0.466285
6.699129	0.6901776
6.730114	0.5317021
6.7611	0.3126605
6.792085	0.3683276
6.823071	0.488384
6.854056	0.3603706
6.885041	0.3608994
6.916027	0.5838258
6.947012	0.6011406
6.977998	0.5228109
7.008983	0.2226146
7.039968	0.4560258
7.070954	0.3703751
7.101939	0.5615562
7.132924	0.7367339
7.16391	0.6811113
7.194895	0.671326
7.225881	0.6374565
7.256866	0.8088851
7.287851	1.081651
7.318837	0.7419491
7.349822	0.751407
7.380807	0.9522059
7.411793	0.9068899
7.442778	0.9520057
7.533706	1.352968
7.595799	1.422706
7.657894	1.568064
7.719988	1.348805
7.782082	1.305095
7.844176	1.307565
7.906271	1.0474615
7.968365	0.9888885
8.030458	0.8440298
8.092554	0.7736108
8.154648	0.6703084
8.216742	0.8537687
8.278836	0.7860615
8.34093	0.8322336
8.403025	0.9581674
8.465118	0.9464455
8.527213	0.9210431
8.589307	1.0248953
8.651402	0.8377108
8.713495	0.8813688
8.77559	0.7706545
8.837685	0.5930677
8.899778	0.4148449
8.961872	0.4695501
9.023967	0.4440584
9.086061	0.4481381
9.148155	0.3639061
9.210249	0.3344702
9.272344	0.4403659
9.334438	0.4082363
9.396532	0.3356752
9.458626	0.40829
9.52072	0.4231604
9.582815	0.3219378
9.644909	0.4619654
9.707003	0.5366914
9.769097	0.4057753
9.831192	0.3146519
9.893286	0.3744512
9.95538	0.3893586
10.01747	0.3648469
10.07957	0.3189545
10.14166	0.3347952
10.20376	0.3858834
10.26585	0.347991
10.32795	0.3056426
10.39004	0.3462693
10.45213	0.3932004
10.51423	0.4103562
10.57632	0.4572241
10.63842	0.4315972
10.70051	0.4924986
10.7626	0.6838903
10.8247	0.6574306
10.88679	0.5331127
10.94889	0.6148061
11.01098	0.6914009
11.07308	0.9674477
11.13517	1.568699
11.19726	2.363168
11.25936	2.456961
11.32145	1.862149
11.38355	1.359859
11.44564	1.289979
11.50774	1.0240368
11.56983	0.9375149
11.63192	0.6745689
11.69402	0.6636873
11.75611	0.5316226
11.81821	0.6687419
11.8803	0.6416651
11.9424	0.7154185
12.00449	0.8247101
12.06658	0.6941583
12.12868	0.7859605
12.19077	0.8230215
12.25287	0.7702092
12.31496	0.8687699
12.37705	0.8911382
12.43915	0.9007475
12.50124	0.9671669
12.56334	1.0299754
12.62543	1.070198
12.68753	1.088068
12.74962	1.09105
12.81171	0.8044979
12.87381	0.6548934
12.9359	0.6910738
12.998	0.5510514
13.06009	0.5651801
13.12218	0.6370719
13.18428	0.5004633
13.24637	0.6230756
13.30847	0.5304271
13.37056	0.3820031
13.43266	0.6544625
13.49475	0.4743373
13.55684	0.501305
13.61894	0.6553651
13.68103	0.5574268
13.74313	0.4252894
13.80522	0.321893
13.86732	0.4419824
13.92941	0.5136715
13.9915	0.3947131
14.0536	0.3327271
14.11569	0.3413817
14.17779	0.620199
14.23988	0.6170348
14.30198	0.6778494
14.36407	0.5190304
14.42616	0.5592549
14.48826	0.453506
14.55035	0.4706866
14.63338	0.350103604173
14.72508	0.427921104173
14.81677	0.620388104173
14.90846	0.556782404173
15.00015	0.567728104173
15.09185	0.541083004173
15.18354	0.599083504173
15.27523	0.619049704173
15.36693	0.479341004173
15.45862	0.478877504173
15.55031	0.625599304173
15.642	0.498658504173
15.7337	0.666034504173
15.82539	0.636132904173
15.91708	0.631997804173
16.00878	0.673469204173
16.10047	0.548084004173
16.19216	0.716094404173
16.28386	0.785381504173
16.37555	1.14388650417
16.46724	1.15255750417
16.55893	1.00535550417
16.65063	0.838954504173
16.74232	0.908089504173
16.83401	1.02637850417
16.9257	1.29487050417
17.0174	1.36031950417
17.10909	1.20071850417
17.20078	1.15600050417
17.29248	1.26395950417
17.38417	1.27173350417
17.47586	0.862511504173
17.56756	0.795688604173
17.65925	0.747130604173
17.75094	0.817603404173
17.84263	0.793868604173
17.93433	0.583896004173
18.02602	0.647526204173
18.11771	0.607257404173
18.20941	0.814885004173
18.3011	0.641432104173
18.39279	0.670023304173
18.48449	0.819976904173
18.57618	0.678376704173
18.66787	0.695787004173
18.75956	0.719415804173
18.85126	0.603220204173
18.94295	0.775949104173
19.03464	0.721205304173
19.12634	0.479788104173
19.21803	0.605317304173
19.30972	0.521208004173
19.40141	0.404312204173
19.49311	0.279369804173
19.5848	0.601955804173
19.67649	0.578475404173
19.76819	0.403155604173
19.85988	0.326140404173
19.95157	0.549210604173
20.04326	0.565227604173
20.13496	0.620972204173
20.22665	0.368227704173
20.31834	0.547436704173
20.41004	0.425240904173
20.50173	0.477966904173
20.59342	0.444033904173
20.68512	0.681424404173
20.77681	0.623996304173
20.8685	0.390691504173
20.96019	0.496809204173
21.05189	0.437783204173
