5.242817	0.6697859
5.273802	0.7746689
5.304788	0.5376208
5.335773	0.5542409
5.366758	0.6001063
5.397744	0.6738791
5.428729	0.6851794
5.459714	0.6898543
5.4907	0.7631788
5.521685	0.725558
5.55267	0.6636858
5.583656	0.564799
5.614641	0.3486287
5.645627	0.497257
5.676612	0.5262932
5.707598	0.5276895
5.738583	0.5068703
5.769568	0.7215466
5.800553	0.6283173
5.831539	0.6712361
5.862525	0.7135884
5.89351	0.223073
5.924495	0.2096841
5.955481	0.4359533
5.986466	0.4194287
6.017451	0.736109
6.048437	0.6404296
6.079422	0.6873698
6.110407	0.6308314
6.141393	0.5860462
6.172378	0.8134185
6.203363	0.7096276
6.234349	0.7969044
6.265334	0.751928
6.296319	0.687115
6.327305	0.6511313
6.35829	0.614723
6.389276	0.5687142
6.420261	0.5184447
6.451246	0.497283
6.482232	0.6559492
6.513217	0.5370263
6.544202	0.5476773
6.575188	0.6256087
6.606173	0.3049639
6.637158	0.4197348
6.668144	0.6520119
6.699129	0.7048908
6.730114	0.5014061
6.7611	0.3840379
6.792085	0.4301738
6.823071	0.5833852
6.854056	0.4618351
6.885041	0.2126589
6.916027	0.2856613
6.947012	0.65645
6.977998	0.6552256
7.008983	0.4769557
7.039968	0.7275831
7.070954	0.6593032
7.101939	0.8640358
7.132924	0.5913635
7.16391	0.4933279
7.194895	0.5880886
7.225881	0.6400137
7.256866	0.6878705
7.287851	0.8716278
7.318837	0.3478162
7.349822	0.5474014
7.380807	0.6531592
7.411793	0.5829026
7.442778	0.7077147
7.533706	1.0913008
7.595799	1.16072
7.657894	1.185582
7.719988	1.1111023
7.782082	1.0097469
7.844176	0.9370073
7.906271	0.7698633
7.968365	0.8748598
8.030458	0.6590745
8.092554	0.6759397
8.154648	0.5754402
8.216742	0.6809774
8.278836	0.7165642
8.34093	0.7818701
8.403025	0.8375396
8.465118	0.8715039
8.527213	0.8403022
8.589307	0.8840956
8.651402	0.7877504
8.713495	0.6758805
8.77559	0.7186063
8.837685	0.6444687
8.899778	0.5768928
8.961872	0.5145314
9.023967	0.5549315
9.086061	0.5882891
9.148155	0.5541744
9.210249	0.521038
9.272344	0.6137085
9.334438	0.5728698
9.396532	0.490052
9.458626	0.4908556
9.52072	0.6281345
9.582815	0.603351
9.644909	0.6696293
9.707003	0.7382591
9.769097	0.5475073
9.831192	0.4751489
9.893286	0.5251521
9.95538	0.5824225
10.01747	0.5590573
10.07957	0.4977745
10.14166	0.5177911
10.20376	0.6588176
10.26585	0.6605048
10.32795	0.4883006
10.39004	0.4951517
10.45213	0.5948079
10.51423	0.5905614
10.57632	0.5480986
10.63842	0.5902816
10.70051	0.6435368
10.7626	0.7703104
10.8247	0.6926293
10.88679	0.6091092
10.94889	0.5785143
11.01098	0.7049778
11.07308	0.7653355
11.13517	1.1415445
11.19726	1.73375
11.25936	1.8309
11.32145	1.460538
11.38355	1.1443745
11.44564	1.1485327
11.50774	0.954961
11.56983	0.8327426
11.63192	0.7344452
11.69402	0.6207416
11.75611	0.541311
11.81821	0.6981988
11.8803	0.6942673
11.9424	0.6600336
12.00449	0.8081951
12.06658	0.7134437
12.12868	0.6490976
12.19077	0.8167818
12.25287	0.740171
12.31496	0.856526
12.37705	0.8845511
12.43915	0.8963672
12.50124	0.7954551
12.56334	0.9213262
12.62543	0.8138918
12.68753	0.888054
12.74962	0.8728277
12.81171	0.7020968
12.87381	0.5537298
12.9359	0.6859662
12.998	0.5342049
13.06009	0.5925923
13.12218	0.6541086
13.18428	0.486246
13.24637	0.5884148
13.30847	0.6332002
13.37056	0.5290192
13.43266	0.5680431
13.49475	0.4682849
13.55684	0.4443347
13.61894	0.5609858
13.68103	0.4619516
13.74313	0.4198474
13.80522	0.2881781
13.86732	0.3545677
13.92941	0.4534875
13.9915	0.5166608
14.0536	0.384483
14.11569	0.22186755
14.17779	0.5766964
14.23988	0.6035207
14.30198	0.7238578
14.36407	0.4926967
14.42616	0.493154
14.48826	0.4909519
14.54169	0.529348921645
14.63338	0.332136021645
14.72508	0.468823121645
14.81677	0.548816121645
14.90846	0.382885121645
15.00015	0.501321921645
15.09185	0.568016521645
15.18354	0.580109021645
15.27523	0.577318121645
15.36693	0.406591421645
15.45862	0.466530421645
15.55031	0.640275021645
15.642	0.511474021645
15.7337	0.641378921645
15.82539	0.501733221645
15.91708	0.562704521645
16.00878	0.603632621645
16.10047	0.475186121645
16.19216	0.524945621645
16.28386	0.645339221645
16.37555	0.811826021645
16.46724	0.780925121645
16.55893	0.831655021645
16.65063	0.707930021645
16.74232	0.746706221645
16.83401	0.741191621645
16.9257	0.974476021645
17.0174	0.994046021645
17.10909	1.04071802164
17.20078	0.876822021645
17.29248	0.936474021645
17.38417	0.906682021645
17.47586	0.769967421645
17.56756	0.649063221645
17.65925	0.594556721645
17.75094	0.654699921645
17.84263	0.526250521645
17.93433	0.624050121645
18.02602	0.545321721645
18.11771	0.377767121645
18.20941	0.582949321645
18.3011	0.533210921645
18.39279	0.518703121645
18.48449	0.653271821645
18.57618	0.650838021645
18.66787	0.602247821645
18.75956	0.629870521645
18.85126	0.422887821645
18.94295	0.558754821645
19.03464	0.534685021645
19.12634	0.415530221645
19.21803	0.415178421645
19.30972	0.449061021645
19.40141	0.415489221645
19.49311	0.409141521645
19.5848	0.649062121645
19.67649	0.523186421645
19.76819	0.413820821645
19.85988	0.175444921645
19.95157	0.554856621645
20.04326	0.581828221645
20.13496	0.373442621645
20.22665	0.211741521645
20.31834	0.457151621645
20.41004	0.345763221645
20.50173	0.361089621645
20.59342	0.346409521645
20.68512	0.556767721645
20.77681	0.583904321645
20.8685	0.317580321645
20.96019	0.193780621645
21.05189	0.307239621645
