5.242817	0.1342248
5.273802	0.1367369
5.304788	0.114003
5.335773	0.09523944
5.366758	0.09145517
5.397744	0.0871675
5.428729	0.08344938
5.459714	0.07600423
5.4907	0.07132998
5.521685	0.06686603
5.55267	0.06776243
5.583656	0.06955873
5.614641	0.06806934
5.645627	0.06539272
5.676612	0.06433712
5.707598	0.06512398
5.738583	0.06303148
5.769568	0.06900997
5.800553	0.07551158
5.831539	0.07665326
5.862525	0.08273696
5.89351	0.08833658
5.924495	0.09312315
5.955481	0.09608268
5.986466	0.09879819
6.017451	0.09367838
6.048437	0.09061375
6.079422	0.08507694
6.110407	0.07774024
6.141393	0.07706055
6.172378	0.07527322
6.203363	0.07379294
6.234349	0.06838392
6.265334	0.06926068
6.296319	0.07302994
6.327305	0.07827126
6.35829	0.07644483
6.389276	0.08642967
6.420261	0.08127391
6.451246	0.07277061
6.482232	0.0791159
6.513217	0.08298347
6.544202	0.09374568
6.575188	0.1042547
6.606173	0.1082591
6.637158	0.1114931
6.668144	0.1168337
6.699129	0.1150861
6.730114	0.1069923
6.7611	0.1104964
6.792085	0.1085641
6.823071	0.1017354
6.854056	0.09957214
6.885041	0.09916896
6.916027	0.0942179
6.947012	0.1053768
6.977998	0.09922317
7.008983	0.1017559
7.039968	0.1050654
7.070954	0.09818228
7.101939	0.09642456
7.132924	0.09984996
7.16391	0.1024595
7.194895	0.1060761
7.225881	0.1220114
7.256866	0.1355883
7.287851	0.1447033
7.318837	0.1432803
7.349822	0.1528027
7.380807	0.1668013
7.411793	0.158082
7.442778	0.1510543
7.473763	0.1500913
7.504749	0.1489041
7.533706	0.08422304
7.595799	0.07818221
7.657894	0.07729851
7.719988	0.06596006
7.782082	0.05825698
7.844176	0.05776786
7.906271	0.0603404
7.968365	0.05937118
8.030458	0.05588435
8.092554	0.05370446
8.154648	0.05258258
8.216742	0.05417897
8.278836	0.05476417
8.34093	0.05345819
8.403025	0.06744561
8.465118	0.05829264
8.527213	0.05775673
8.589307	0.06057024
8.651402	0.05961987
8.713495	0.05299752
8.77559	0.05244758
8.837685	0.04654112
8.899778	0.04395712
8.961872	0.04438825
9.023967	0.04422358
9.086061	0.04047972
9.148155	0.03901349
9.210249	0.03789898
9.272344	0.03881773
9.334438	0.04047921
9.396532	0.04151287
9.458626	0.03853853
9.52072	0.0375351
9.582815	0.03714889
9.644909	0.03598534
9.707003	0.03940063
9.769097	0.04036943
9.831192	0.04017706
9.893286	0.0403771
9.95538	0.04745519
10.01747	0.04232181
10.07957	0.04668012
10.14166	0.04191364
10.20376	0.0407046
10.26585	0.03940026
10.32795	0.03886029
10.39004	0.03848941
10.45213	0.04103468
10.51423	0.03772596
10.57632	0.03583831
10.63842	0.05925071
10.70051	0.04239319
10.7626	0.03400668
10.8247	0.03796075
10.88679	0.03978871
10.94889	0.04030294
11.01098	0.04121258
11.07308	0.03913086
11.13517	0.03915366
11.19726	0.04587051
11.25936	0.04209302
11.32145	0.04597517
11.38355	0.04408296
11.44564	0.04534468
11.50774	0.04787307
11.56983	0.05205926
11.63192	0.05047971
11.69402	0.04946801
11.75611	0.04777029
11.81821	0.044338
11.8803	0.04310695
11.9424	0.0415836
12.00449	0.04818008
12.06658	0.0414353
12.12868	0.0430212
12.19077	0.04128196
12.25287	0.04037647
12.31496	0.0404344
12.37705	0.04130239
12.43915	0.04290708
12.50124	0.04674326
12.56334	0.04386941
12.62543	0.04375828
12.68753	0.04406265
12.74962	0.04620625
12.81171	0.04719842
12.87381	0.05002463
12.9359	0.05381204
12.998	0.05809077
13.06009	0.05736743
13.12218	0.05930999
13.18428	0.05677267
13.24637	0.05507744
13.30847	0.05199009
13.37056	0.05319117
13.43266	0.05124833
13.49475	0.04905635
13.55684	0.04642502
13.61894	0.04672086
13.68103	0.04828951
13.74313	0.04883676
13.80522	0.04834076
13.86732	0.05077357
13.92941	0.05244309
13.9915	0.05714382
14.0536	0.05755784
14.11569	0.06246809
14.17779	0.06484973
14.23988	0.06863596
14.30198	0.07382569
14.36407	0.06799167
14.42616	0.07475791
14.48826	0.07004755
14.55035	0.07107285
14.63338	0.0306128
14.72508	0.03110022
14.81677	0.03686607
14.90846	0.03225842
15.00015	0.03088135
15.09185	0.02833436
15.18354	0.03333021
15.27523	0.0279792
15.36693	0.02688224
15.45862	0.02759023
15.55031	0.02680811
15.642	0.02615891
15.7337	0.02765893
15.82539	0.02789003
15.91708	0.03061704
16.00878	0.03419861
16.10047	0.03206139
16.19216	0.03452141
16.28386	0.04365809
16.37555	0.08132616
16.46724	0.03336035
16.55893	0.03180873
16.65063	0.02956087
16.74232	0.04647858
16.83401	0.03324842
16.9257	0.03392376
17.0174	0.03062799
17.10909	0.06874936
17.20078	0.02982226
17.29248	0.02940273
17.38417	0.02911737
17.47586	0.03726484
17.56756	0.02877706
17.65925	0.02804398
17.75094	0.02852185
17.84263	0.03348874
17.93433	0.03598517
18.02602	0.03782377
18.11771	0.02958601
18.20941	0.03331115
18.3011	0.03509817
18.39279	0.03373195
18.48449	0.02948638
18.57618	0.03764762
18.66787	0.03337036
18.75956	0.03680845
18.85126	0.03340608
18.94295	0.03883911
19.03464	0.03920703
19.12634	0.04231833
19.21803	0.04689975
19.30972	0.04638993
19.40141	0.04933323
19.49311	0.071567
19.5848	0.05517543
19.67649	0.05351637
19.76819	0.04992515
19.85988	0.05183133
19.95157	0.04803866
20.04326	0.04876583
20.13496	0.04432917
20.22665	0.05316461
20.31834	0.04360549
20.41004	0.04663723
20.50173	0.05489204
20.59342	0.06546053
20.68512	0.06246689
20.77681	0.07453714
20.8685	0.06685639
20.96019	0.06419408
21.05189	0.05762844
