5.242817	0.810714602597
5.273802	1.0173427026
5.304788	0.959037702597
5.335773	0.843882402597
5.366758	0.805550402597
5.397744	0.854732102597
5.428729	0.751924602597
5.459714	0.862234002597
5.4907	0.947972702597
5.521685	0.771796402597
5.55267	0.688025602597
5.583656	0.723291302597
5.614641	0.630064602597
5.645627	0.695196302597
5.676612	0.636620902597
5.707598	0.619106402597
5.738583	0.602108002597
5.769568	0.723378302597
5.800553	0.821382702597
5.831539	0.723771302597
5.862525	0.906048702597
5.89351	0.569024502597
5.924495	0.443842302597
5.955481	0.684987802597
5.986466	0.555513102597
6.017451	0.802187002597
6.048437	0.735184602597
6.079422	0.643835202597
6.110407	0.498782402597
6.141393	0.591722502597
6.172378	0.685644502597
6.203363	0.579367202597
6.234349	0.759292102597
6.265334	0.675090102597
6.296319	0.662946002597
6.327305	0.535854302597
6.35829	0.515143402597
6.389276	0.726302702597
6.420261	0.450565502597
6.451246	0.548510602597
6.482232	0.655314002597
6.513217	0.559449602597
6.544202	0.441442502597
6.575188	0.506604002597
6.606173	0.374737102597
6.637158	0.514688602597
6.668144	0.591476802597
6.699129	0.665609202597
6.730114	0.523892102597
6.7611	0.341677402597
6.792085	0.346699202597
6.823071	0.518090802597
6.854056	0.323626502597
6.885041	0.283656302597
6.916027	0.541329102597
6.947012	0.531105002597
6.977998	0.428857902597
7.008983	0.226588202597
7.039968	0.324109702597
7.070954	0.419657902597
7.101939	0.681689902597
7.132924	0.658116002597
7.16391	0.407749702597
7.194895	0.534086902597
7.225881	0.460230702597
7.256866	0.647439602597
7.287851	0.709934702597
7.318837	0.287379102597
7.349822	0.455773702597
7.380807	0.578627402597
7.411793	0.376929602597
7.442778	0.294407302597
7.473763	0.631244802597
7.504749	0.934674702597
7.533706	0.6613121
7.595799	0.5727959
7.657894	0.7764005
7.719988	0.5910932
7.782082	0.6772045
7.844176	0.7485413
7.906271	0.5741575
7.968365	0.6007109
8.030458	0.5436228
8.092554	0.6169765
8.154648	0.5104783
8.216742	0.6256642
8.278836	0.6622848
8.34093	0.562378
8.403025	0.7041839
8.465118	0.6368675
8.527213	0.6602758
8.589307	0.7132088
8.651402	0.5608616
8.713495	0.5749855
8.77559	0.5802855
8.837685	0.4725396
8.899778	0.4339275
8.961872	0.5458223
9.023967	0.5598914
9.086061	0.5958476
9.148155	0.4748263
9.210249	0.4924829
9.272344	0.473642
9.334438	0.5615847
9.396532	0.5193477
9.458626	0.547284
9.52072	0.5122273
9.582815	0.4396437
9.644909	0.5846811
9.707003	0.6640586
9.769097	0.5659526
9.831192	0.4879074
9.893286	0.4304518
9.95538	0.4819301
10.01747	0.5358708
10.07957	0.5182508
10.14166	0.4847307
10.20376	0.5295295
10.26585	0.4860775
10.32795	0.4354345
10.39004	0.4402625
10.45213	0.4478036
10.51423	0.4798208
10.57632	0.5113942
10.63842	0.5380391
10.70051	0.5151881
10.7626	0.6556055
10.8247	0.6442235
10.88679	0.5573299
10.94889	0.3967983
11.01098	0.374486
11.07308	0.5068701
11.13517	0.6247532
11.19726	0.8373837
11.25936	0.9814182
11.32145	0.7952749
11.38355	0.6346396
11.44564	0.6806466
11.50774	0.4957402
11.56983	0.5355742
11.63192	0.4481111
11.69402	0.4493534
11.75611	0.3233619
11.81821	0.4172669
11.8803	0.3846695
11.9424	0.4123506
12.00449	0.4654916
12.06658	0.4428727
12.12868	0.4338262
12.19077	0.5459636
12.25287	0.4751214
12.31496	0.5877206
12.37705	0.5242894
12.43915	0.49323
12.50124	0.481733
12.56334	0.4466015
12.62543	0.4618536
12.68753	0.4603464
12.74962	0.4419701
12.81171	0.339419
12.87381	0.2812029
12.9359	0.3647366
12.998	0.3441345
13.06009	0.3629508
13.12218	0.4130258
13.18428	0.3035029
13.24637	0.3928156
13.30847	0.4264738
13.37056	0.3290806
13.43266	0.4339184
13.49475	0.3184543
13.55684	0.3484762
13.61894	0.423457
13.68103	0.3638746
13.74313	0.3135624
13.80522	0.16436551
13.86732	0.2361589
13.92941	0.4172787
13.9915	0.4040074
14.0536	0.3013122
14.11569	0.4144217
14.17779	0.3192409
14.23988	0.4665683
14.30198	0.5562323
14.36407	0.4303621
14.42616	0.3568259
14.48826	0.3571513
14.55035	0.306304
14.63338	0.333129291505
14.72508	0.435845291505
14.81677	0.501508391505
14.90846	0.509461591505
15.00015	0.426880791505
15.09185	0.618212591505
15.18354	0.609071491505
15.27523	0.559052891505
15.36693	0.473591691505
15.45862	0.727986691505
15.55031	1.0144988915
15.642	0.654385891505
15.7337	0.542226891505
15.82539	0.518218191505
15.91708	0.545583691505
16.00878	0.586587791505
16.10047	0.438437891505
16.19216	0.508651691505
16.28386	0.471892991505
16.37555	0.650781291505
16.46724	0.614404991505
16.55893	0.645870091505
16.65063	0.487521091505
16.74232	0.575850891505
16.83401	0.645596091505
16.9257	0.762983991505
17.0174	0.801493791505
17.10909	0.636631191505
17.20078	0.728123791505
17.29248	0.771631091505
17.38417	0.750225691505
17.47586	0.511402691505
17.56756	0.578890391505
17.65925	0.502083891505
17.75094	0.541483691505
17.84263	0.414320991505
17.93433	0.528230691505
18.02602	0.432330491505
18.11771	0.473803291505
18.20941	0.607873491505
18.3011	0.449533891505
18.39279	0.490756291505
18.48449	0.614858391505
18.57618	0.671812891505
18.66787	0.918499891505
18.75956	0.794807491505
18.85126	0.448595191505
18.94295	0.626126491505
19.03464	0.575365591505
19.12634	0.492176791505
19.21803	0.238624091505
19.30972	0.511206291505
19.40141	0.349978191505
19.49311	0.261537391505
19.5848	0.632491891505
19.67649	0.518844191505
19.76819	0.446166291505
19.85988	0.297825091505
19.95157	0.480020391505
20.04326	0.751407291505
20.13496	0.476213891505
20.22665	0.376984791505
20.31834	0.551693391505
20.41004	0.494292191505
20.50173	0.331817291505
20.59342	0.387241991505
20.68512	0.666447591505
20.77681	0.660817891505
20.8685	0.639310691505
20.96019	0.442892791505
21.05189	0.377610491505
