5.242817	2.270799
5.273802	0.102482
5.304788	0.739107
5.335773	1.027276
5.366758	-1.545341
5.397744	-1.738192
5.428729	-1.573496
5.459714	0.830884
5.4907	1.502368
5.521685	0.6585951
5.55267	1.304776
5.583656	-0.1892617
5.614641	-1.391923
5.645627	0.5500334
5.676612	0.5686064
5.707598	-0.5002769
5.738583	-0.3991183
5.769568	-0.4289444
5.800553	0.4042987
5.831539	0.4214465
5.862525	0.4025567
5.89351	-0.38962507
5.924495	0.5744852
5.955481	0.401534
5.986466	0.5440868
6.017451	1.150732
6.048437	0.1656487
6.079422	2.070605
6.110407	1.702994
6.141393	1.171293
6.172378	2.469646
6.203363	2.361256
6.234349	2.076386
6.265334	1.902582
6.296319	1.817043
6.327305	1.354091
6.35829	1.702629
6.389276	1.730211
6.420261	0.952084
6.451246	0.860127
6.482232	1.833586
6.513217	1.408558
6.544202	0.6189083
6.575188	1.364445
6.606173	1.77765
6.637158	1.943623
6.668144	2.301505
6.699129	1.597257
6.730114	0.896506
6.7611	1.558976
6.792085	1.49432
6.823071	1.638968
6.854056	1.71569
6.885041	1.982025
6.916027	2.239186
6.947012	2.119027
6.977998	1.638985
7.008983	2.246349
7.039968	2.045514
7.070954	2.293991
7.101939	2.134332
7.132924	2.265333
7.16391	2.610928
7.194895	2.347349
7.225881	3.209457
7.256866	1.959365
7.287851	2.927318
7.318837	3.389388
7.349822	2.815021
7.380807	3.240233
7.411793	3.183176
7.442778	3.185784
7.473763	3.651937
7.504749	3.810152
7.595799	5.165448
7.657894	4.482431
7.719988	3.129789
7.782082	4.264764
7.844176	3.877118
7.906271	4.013225
7.968365	3.232967
8.030458	2.389898
8.092554	2.282018
8.154648	2.809243
8.216742	3.23892
8.278836	3.409021
8.34093	3.504814
8.403025	2.1147845
8.465118	2.873914
8.527213	2.680494
8.589307	2.644742
8.651402	3.118031
8.713495	2.537847
8.77559	1.9411466
8.837685	2.479636
8.899778	2.67107
8.961872	2.76867
9.023967	1.9820818
9.086061	1.5392426
9.148155	1.7096829
9.210249	1.755141
9.272344	1.9424279
9.334438	1.9835803
9.396532	2.1902299
9.458626	1.6532194
9.52072	1.8598561
9.582815	1.9927967
9.644909	2.713262
9.707003	2.0620726
9.769097	2.513052
9.831192	2.156245
9.893286	2.572833
9.95538	2.845769
10.01747	2.314988
10.07957	1.8387983
10.14166	2.283645
10.20376	2.0060974
10.26585	2.0154079
10.32795	1.4731659
10.39004	1.6729888
10.45213	1.8596057
10.51423	1.9913319
10.57632	1.7913955
10.63842	2.945749
10.70051	2.701708
10.7626	1.9771433
10.8247	1.6304942
10.88679	2.339284
10.94889	2.90388
11.01098	3.219292
11.07308	3.786532
11.13517	4.917143
11.19726	7.268645
11.25936	7.635543
11.32145	6.361557
11.38355	5.590134
11.44564	4.044132
11.50774	3.411804
11.56983	2.797346
11.63192	2.1383836
11.69402	2.30775
11.75611	2.38673
11.81821	2.809706
11.8803	3.2733
11.9424	3.459777
12.00449	4.073034
12.06658	3.635543
12.12868	3.419966
12.19077	3.277737
12.25287	3.754291
12.31496	3.562502
12.37705	3.01245
12.43915	3.567243
12.50124	3.733546
12.56334	4.363448
12.62543	4.477954
12.68753	4.37107
12.74962	4.71192
12.81171	4.369479
12.87381	4.0213
12.9359	3.392879
12.998	3.602651
13.06009	3.210907
13.12218	3.017368
13.18428	3.19589
13.24637	3.125181
13.30847	3.044659
13.37056	2.998978
13.43266	2.629242
13.49475	3.067388
13.55684	2.090277
13.61894	3.189555
13.68103	3.173469
13.74313	2.611218
13.80522	3.00431
13.86732	3.08994
13.92941	2.539875
13.9915	3.145469
14.0536	2.474269
14.11569	2.494522
14.17779	3.182784
14.23988	3.680111
14.30198	3.3573
14.36407	2.716881
14.42616	3.175106
14.48826	3.356323
14.55035	2.444611
14.61245	2.365335
14.67454	2.604431
14.72508	2.542779
14.81677	2.419652
14.90846	2.280711
15.00015	2.565588
15.09185	2.441817
15.18354	2.522015
15.27523	2.368403
15.36693	2.494378
15.45862	2.768581
15.55031	2.879184
15.642	2.653344
15.7337	2.691207
15.82539	2.663525
15.91708	2.875712
16.00878	2.873549
16.10047	2.529408
16.19216	3.078107
16.28386	3.134894
16.37555	3.755722
16.46724	3.918492
16.55893	3.819249
16.65063	3.858105
16.74232	3.951547
16.83401	3.91178
16.9257	5.38296
17.0174	7.006454
17.10909	5.554631
17.20078	4.235744
17.29248	4.032502
17.38417	3.892699
17.47586	3.530716
17.56756	3.324589
17.65925	3.185437
17.75094	2.999126
17.84263	2.698385
17.93433	2.620439
18.02602	2.804286
18.11771	2.76703
18.20941	2.709766
18.3011	2.652325
18.39279	2.896492
18.48449	2.369631
18.57618	2.43831
18.66787	2.504928
18.75956	2.660043
18.85126	2.434816
18.94295	2.339535
19.03464	2.477652
19.12634	2.853837
19.21803	2.588159
19.30972	2.557043
19.40141	2.742006
19.49311	2.2410866
19.5848	1.8502766
19.67649	2.282987
19.76819	2.396306
19.85988	2.786272
19.95157	2.522227
20.04326	2.319979
20.13496	2.1567879
20.22665	2.614976
20.31834	2.595937
20.41004	2.461388
20.50173	2.1259047
20.59342	2.45685
20.68512	2.833273
20.77681	2.600318
20.8685	2.377887
20.96019	2.1885307
21.05189	2.404152
