15.96	2.14644419611
15.86	1.53905308232
15.77	1.43796905346
15.67	0.922107037422
15.58	1.50461885817
15.48	1.7741495499
15.39	1.75183501452
15.29	1.18682428002
15.19	1.08289158091
15.1	1.57264024034
15.0	1.22540051374
14.91	0.802657527868
14.81	0.869423721433
14.71	1.38773459353
14.61	1.30831849381
14.52	1.02700129015
14.42	1.56430047095
14.32	0.944719016645
14.22	0.631106026024
14.12	1.12407892555
14.02	0.629449666589
13.93	1.19452932548
13.83	2.34933796272
13.73	2.18752759039
13.63	1.73318339985
13.53	1.90092695655
13.43	1.79597598366
13.33	2.42425816178
13.23	2.07660408134
13.12	1.60771670952
13.02	2.70046674252
12.92	3.40530808687
12.82	3.71426530361
12.72	3.20474871576
12.62	3.04674115568
12.51	2.5388756682
12.41	2.70681088269
12.31	2.56315498054
12.21	2.11949034773
12.1	2.42559988111
12.0	1.87359086245
11.89	2.16082828939
11.79	2.37580322407
11.69	2.53110057294
11.58	3.31659193635
11.48	3.76606097456
11.37	5.19663307354
11.27	5.66540252328
11.16	4.72161826015
11.06	2.96784181237
10.95	1.88225640222
10.84	1.11733895082
10.74	1.60369872063
10.63	1.58323453799
10.52	1.12091411874
10.42	3.97781978846
10.31	-1.23268183006
10.2	-1.79206616748
10.09	-2.00289077282
9.986	-0.837422435582
9.878	-0.96686732322
9.769	-0.278539946228
9.66	0.130042423308
9.551	0.992511309236
9.442	0.397128545139
9.333	0.000840385407209
9.223	-0.48427134499
9.113	-0.790431187153


