9.093	0.132689062618
9.043	-0.0119367224909
8.993	0.315691965967
8.943	0.3540509082
8.892	0.365342287496
8.842	0.376040060227
8.791	1.35381250525
8.74	1.53427272249
8.689	1.66705108657
8.637	1.66176172823
8.586	1.81298866721
8.534	1.37283086404
8.483	1.45704445332
8.431	2.18765823722
8.379	1.51424125314
8.327	1.99597175211
8.274	2.25904583618
8.222	2.05485160381
8.169	1.19950903133
8.116	1.07812410243
8.063	1.52095348385
8.01	2.39326865792
7.956	2.87271791328
7.903	2.08372802109
7.849	2.51201408014
7.795	3.2387649405
7.741	2.40811103858
7.687	2.9633968094
7.633	2.01772103615
7.578	2.64454044729
7.524	2.49004330695
7.469	1.85610818341
7.414	1.75800732493
7.358	2.03375014573
7.303	2.02813607708
7.248	1.57060410231
7.192	0.395339405686
7.136	0.926466265768
7.08	0.696982626617
7.024	1.01367818995
6.968	0.848214555848
6.911	0.84631129045
6.855	0.832129240632
6.798	0.676527827736
6.741	0.937726138867
6.684	0.562102054097
6.626	0.807880563289
6.569	1.20597239849
6.511	0.9126043237
6.454	0.949321711361
6.396	0.729354649335
6.337	0.503428253531
6.279	1.42434732556
6.221	2.19171981385
6.162	1.82498306483
6.103	0.976386548606
6.044	0.640961494744
5.985	1.13691615402
5.926	1.40951016285
5.867	0.73826893352
5.807	0.610595385879
5.747	0.659441754222
5.687	0.595644815117
5.627	0.93437088564
5.567	1.43045116656
5.507	1.25470002048
5.446	0.960051335916
5.385	1.2282441435
5.325	1.42185218155
5.264	0.784863155261
5.202	1.15184291191
5.141	0.643029373065
5.079	1.01269388322
5.018	1.29397148971
