17.34	-0.380988323082
17.25	2.87289915853
17.16	-2.20762329359
17.07	-4.35937414786
16.98	-0.689781336051
16.89	-0.372336902608
16.79	-0.0302685271885
16.7	-1.65985345493
16.61	-1.07407335482
16.52	0.146612998547
16.42	1.22620886564
16.33	0.838200767919
16.24	1.13373638229
16.14	0.484225324939
16.05	0.376842559994
15.96	0.737590153717
15.86	0.58532740201
15.77	-0.195931368586
15.67	0.534385264741
15.58	0.597295835109
15.48	1.28716332364
15.39	0.237051144747
15.29	-0.417369144385
15.19	-0.650742311946
15.1	-0.279506018867
15.0	-0.169387860318
14.91	-0.0119929410186
14.81	0.0277158884742
14.71	0.645736893039
14.61	0.573606170335
14.52	-0.0927150277973
14.42	0.127081482135
14.32	0.488856561103
14.22	0.216782170695
14.12	0.545388037591
14.02	0.228406364469
13.93	-0.15404713228
13.83	0.842145686259
13.73	0.665681662575
13.63	1.0172771412
13.53	0.770938970275
13.43	0.475316274027
13.33	0.712573805224
13.23	0.102730871762
13.12	0.311427339975
13.02	0.914134292658
12.92	1.54691111919
12.82	2.92141282647
12.72	2.56880185952
12.62	1.36562275397
12.51	1.3337648814
12.41	1.56103338618
12.31	1.54263328811
12.21	1.73659595841
12.1	1.3520624863
12.0	1.42152813203
11.89	1.39919191952
11.79	0.940312348906
11.69	0.786447338381
11.58	0.973679383112
11.48	1.93655257659
11.37	3.22438686682
11.27	3.40391833196
11.16	3.50847749185
11.06	2.30201253207
10.95	1.40651588641
10.84	1.31598880938
10.74	1.40590267106
10.63	0.0382528917517
10.52	-0.172503534957
10.42	-0.135136260746
10.31	0.144181557075
10.2	-0.219359266611
10.09	-0.898114570156
9.986	-0.732864417893
9.878	0.0236637921909
9.769	0.0630795783442
9.66	-0.12716135644
9.551	0.138654955047
9.442	0.546044274478
9.333	0.626118532784
9.223	0.00612883651787
9.113	-0.707985140004
9.003	-0.457429216985
9.093	-0.557929172607
9.043	-0.762870525728
8.993	-0.161376881824
8.943	-0.227559654642
8.892	-0.510561185889
8.842	0.622417034818
8.791	0.0961763858479
8.74	0.763028859252
8.689	0.908295855337
8.637	1.17721188548
8.586	1.53808178172
8.534	0.989682360663
8.483	0.924030174422
8.431	1.17082687385
8.379	0.995628882894
8.327	0.150560012308
8.274	0.743926088152
8.222	1.13074845947
8.169	1.07603188389
8.116	0.694184747667
8.063	1.03293934339
8.01	1.18203230467
7.956	1.75691278102
7.903	1.15248857802
7.849	1.96153441545
7.795	1.39493990654
7.741	2.05723633693
7.687	2.19215605414
7.633	2.36142554879
7.578	2.23358624116
7.524	1.36572885412
7.469	1.73139430974
7.414	0.745291318271
7.358	0.864596049396
7.303	1.11494998407
7.248	0.7505958557
7.192	0.390553475835
7.136	0.66497849452
7.08	0.893914415296
7.024	0.756088261445
6.968	0.630846875893
6.911	0.54109851501
6.855	0.541415756608
6.798	0.557008648848
6.741	0.622510004094
6.684	0.405684048748
6.626	0.232061531395
6.569	0.239813449808
6.511	0.214561035032
6.454	0.295542712244
6.396	0.613227848816
6.337	0.870252396359
6.279	1.56976608983
6.221	1.78071124665
6.162	0.754684431257
6.103	1.17840352743
6.044	0.905959811377
5.985	-0.250391878282
5.926	0.100584349374
5.867	-0.177066310246
5.807	-0.502816476812
5.747	-0.361622968476
5.687	0.0609251860592
5.627	-0.14668383222
5.567	-0.0567714781145
5.507	0.546485858149
5.446	0.363707038504
5.385	-0.106106625144
5.325	0.00537875809281
5.264	0.520384661727
5.202	0.33576239404
5.141	0.84941072541
5.079	1.33751348466
5.018	0.899543452676
