9.093	-0.557929172607
9.043	-0.762870525728
8.993	-0.161376881824
8.943	-0.227559654642
8.892	-0.510561185889
8.842	0.622417034818
8.791	0.0961763858479
8.74	0.763028859252
8.689	0.908295855337
8.637	1.17721188548
8.586	1.53808178172
8.534	0.989682360663
8.483	0.924030174422
8.431	1.17082687385
8.379	0.995628882894
8.327	0.150560012308
8.274	0.743926088152
8.222	1.13074845947
8.169	1.07603188389
8.116	0.694184747667
8.063	1.03293934339
8.01	1.18203230467
7.956	1.75691278102
7.903	1.15248857802
7.849	1.96153441545
7.795	1.39493990654
7.741	2.05723633693
7.687	2.19215605414
7.633	2.36142554879
7.578	2.23358624116
7.524	1.36572885412
7.469	1.73139430974
7.414	0.745291318271
7.358	0.864596049396
7.303	1.11494998407
7.248	0.7505958557
7.192	0.390553475835
7.136	0.66497849452
7.08	0.893914415296
7.024	0.756088261445
6.968	0.630846875893
6.911	0.54109851501
6.855	0.541415756608
6.798	0.557008648848
6.741	0.622510004094
6.684	0.405684048748
6.626	0.232061531395
6.569	0.239813449808
6.511	0.214561035032
6.454	0.295542712244
6.396	0.613227848816
6.337	0.870252396359
6.279	1.56976608983
6.221	1.78071124665
6.162	0.754684431257
6.103	1.17840352743
6.044	0.905959811377
5.985	-0.250391878282
5.926	0.100584349374
5.867	-0.177066310246
5.807	-0.502816476812
5.747	-0.361622968476
5.687	0.0609251860592
5.627	-0.14668383222
5.567	-0.0567714781145
5.507	0.546485858149
5.446	0.363707038504
5.385	-0.106106625144
5.325	0.00537875809281
5.264	0.520384661727
5.202	0.33576239404
5.141	0.84941072541
5.079	1.33751348466
5.018	0.899543452676
