9.442	18.7177108383
9.551	19.732712841
9.66	18.1953744507
9.769	17.7286708164
9.878	17.2037635422
9.986	17.3877536678
10.09	17.450424633
10.2	16.6888218117
10.31	16.7237710571
10.42	17.226983633
10.52	17.1789679146
10.63	17.0416039276
10.74	16.6216054153
10.84	17.4614791775
10.95	16.9805892563
11.06	16.5264324188
11.16	17.4150006962
11.27	17.9523836327
11.37	18.2888778496
11.48	17.2272496414
11.58	16.2899505901
11.69	16.2548721504
11.79	15.2533607674
11.89	14.6813954163
12.0	14.8355593967
12.1	14.6963409042
12.21	13.8846132088
12.31	13.9304808903
12.41	13.9880746555
12.51	13.8793684864
12.62	13.948224678
12.72	14.8644741249
12.82	15.3835757065
12.92	14.4730563927
13.02	13.9660507393
13.12	13.9476297474
13.23	12.6579273415
13.33	12.042750988
13.43	12.2702478504
13.53	12.0909147549
13.63	12.4575223541
13.73	12.7196792889
13.83	12.256985693
13.93	11.8681454945
14.02	10.8491948509
14.12	10.9922813892
14.22	11.0236977911
14.32	11.0946281338
14.42	11.2371771526
14.52	10.9464298916
14.61	11.2214659405
14.71	11.0393819857
14.81	10.8183420181
14.91	11.3550709057
15.0		11.1921432686
15.1		11.1723151588
15.19	11.9152875519
15.29	12.5250201511
15.39	13.313578968
15.48	14.7301214695
15.58	14.4936621475
15.67	12.6503867626
15.77	11.3356748676
15.86	11.6640315533
15.96	11.4904486847
16.05	10.9364131165
16.14	10.7035223293
16.24	10.1765758705
16.33	11.2759193611
16.42	11.1642299652
16.52	10.1719763368
16.61	9.18566907406
16.7		9.01505355835
16.79	9.41716369867
16.89	7.69799948215
16.98	6.75657831907
17.07	7.12468238294
