4.956	58.3177404785
5.018	30.4926099777
5.079	33.2358065319
5.141	33.1588837719
5.202	33.3786782646
5.264	33.6913637161
5.325	33.5313544273
5.385	31.7936347961
5.446	31.8903977966
5.507	31.4701649094
5.567	31.0612632942
5.627	30.3120198441
5.687	29.9315907288
5.747	29.1125936317
5.807	28.7644104576
5.867	28.2944411469
5.926	28.8838993073
5.985	28.6654144859
6.044	27.7119706345
6.103	27.1074188232
6.162	28.2643521118
6.221	27.1381216049
6.279	26.3483374023
6.337	25.2552629852
6.396	24.7303664398
6.454	24.1712153244
6.511	23.2172798729
6.569	22.7978518105
6.626	22.3845869064
6.684	22.787761631
6.741	23.0132313347
6.798	22.3795696831
6.855	21.8604814148
6.911	21.9859085655
6.968	22.0525889206
7.024	21.6436959839
7.08	21.7977321625
7.136	20.7487495422
7.192	20.6407913399
7.248	20.7923144531
7.303	19.9308761406
7.358	19.6254730606
7.414	20.0264138985
7.469	18.6775632668
7.524	18.6820181084
7.578	19.2995049667
7.633	18.5077569962
7.687	18.5765063477
7.741	17.7492842865
7.795	17.6985894012
7.849	17.1199668884
7.903	17.138591671
7.956	16.7594340515
8.01	16.1149840164
8.063	16.6663332939
8.116	16.4795859337
8.169	16.2587570381
8.222	15.9416111183
8.274	15.3954711437
8.327	17.0684584618
8.379	16.1534666729
8.431	15.7499487638
8.483	16.0694920635
8.534	15.7571875
8.586	16.3539209652
8.637	17.0326120663
8.689	16.1063433361
8.74	16.400021534
8.791	15.9101549721
8.842	16.1195099926
8.892	16.1144319153
8.943	15.706823616
8.993	15.8466151333
9.043	16.1591824913
9.093	15.9969415951
9.143	15.9173637676
9.192	16.4631451607
9.242	16.8642375565
9.291	15.8447252178
9.34	16.5232600403
9.389	16.7909859085
