4.956	58.3177404785
5.018	30.4926099777
5.079	33.2358065319
5.141	33.1588837719
5.202	33.3786782646
5.264	33.6913637161
5.325	33.5313544273
5.385	31.7936347961
5.446	31.8903977966
5.507	31.4701649094
5.567	31.0612632942
5.627	30.3120198441
5.687	29.9315907288
5.747	29.1125936317
5.807	28.7644104576
5.867	28.2944411469
5.926	28.8838993073
5.985	28.6654144859
6.044	27.7119706345
6.103	27.1074188232
6.162	28.2643521118
6.221	27.1381216049
6.279	26.3483374023
6.337	25.2552629852
6.396	24.7303664398
6.454	24.1712153244
6.511	23.2172798729
6.569	22.7978518105
6.626	22.3845869064
6.684	22.787761631
6.741	23.0132313347
6.798	22.3795696831
6.855	21.8604814148
6.911	21.9859085655
6.968	22.0525889206
7.024	21.6436959839
7.08	21.7977321625
7.136	20.7487495422
7.192	20.6407913399
7.248	20.7923144531
7.303	19.9308761406
7.358	19.6254730606
7.414	20.0264138985
7.469	18.6775632668
7.524	18.6820181084
7.578	19.2995049667
7.633	18.5077569962
7.687	18.5765063477
7.741	17.7492842865
7.795	17.6985894012
7.849	17.1199668884
7.903	17.138591671
7.956	16.7594340515
8.01	16.1149840164
8.063	16.6663332939
8.116	16.4795859337
8.169	16.2587570381
8.222	15.9416111183
8.274	15.3954711437
8.327	17.0684584618
8.379	16.1534666729
8.431	15.7499487638
8.483	16.0694920635
8.534	15.7571875
8.586	16.3539209652
8.637	17.0326120663
8.689	16.1063433361
8.74	16.400021534
8.791	15.9101549721
8.842	16.1195099926
8.892	16.1144319153
8.943	15.706823616
8.993	15.8466151333
9.043	16.1591824913
9.093	15.9969415951
9.143	15.9173637676
9.192	16.4631451607
9.242	16.8642375565
9.291	15.8447252178
9.34	16.5232600403
9.389	16.7909859085
9.113	18.7115264893
9.223	18.2369850731
9.333	19.2671163559
9.442	18.7177108383
9.551	19.732712841
9.66	18.1953744507
9.769	17.7286708164
9.878	17.2037635422
9.986	17.3877536678
10.09	17.450424633
10.2	16.6888218117
10.31	16.7237710571
10.42	17.226983633
10.52	17.1789679146
10.63	17.0416039276
10.74	16.6216054153
10.84	17.4614791775
10.95	16.9805892563
11.06	16.5264324188
11.16	17.4150006962
11.27	17.9523836327
11.37	18.2888778496
11.48	17.2272496414
11.58	16.2899505901
11.69	16.2548721504
11.79	15.2533607674
11.89	14.6813954163
12.0	14.8355593967
12.1	14.6963409042
12.21	13.8846132088
12.31	13.9304808903
12.41	13.9880746555
12.51	13.8793684864
12.62	13.948224678
12.72	14.8644741249
12.82	15.3835757065
12.92	14.4730563927
13.02	13.9660507393
13.12	13.9476297474
13.23	12.6579273415
13.33	12.042750988
13.43	12.2702478504
13.53	12.0909147549
13.63	12.4575223541
13.73	12.7196792889
13.83	12.256985693
13.93	11.8681454945
14.02	10.8491948509
14.12	10.9922813892
14.22	11.0236977911
14.32	11.0946281338
14.42	11.2371771526
14.52	10.9464298916
14.61	11.2214659405
14.71	11.0393819857
14.81	10.8183420181
14.91	11.3550709057
15.0	11.1921432686
15.1	11.1723151588
15.19	11.9152875519
15.29	12.5250201511
15.39	13.313578968
15.48	14.7301214695
15.58	14.4936621475
15.67	12.6503867626
15.77	11.3356748676
15.86	11.6640315533
15.96	11.4904486847
16.05	10.9364131165
16.14	10.7035223293
16.24	10.1765758705
16.33	11.2759193611
16.42	11.1642299652
16.52	10.1719763368
16.61	9.18566907406
16.7	9.01505355835
16.79	9.41716369867
16.89	7.69799948215
16.98	6.75657831907
17.07	7.12468238294
