5.24282 85.70223 2.14220
5.27380 84.62791 2.31300
5.30479 84.86194 1.88232
5.33577 84.51893 1.96169
5.36676 81.56509 1.73467
5.39774 81.04048 1.86061
5.42873 77.64565 1.54675
5.45971 80.27489 1.29985
5.49070 78.27090 1.31049
5.52168 77.37685 1.13630
5.55267 74.69268 1.29180
5.58366 76.62830 1.36968
5.61464 74.75078 1.26381
5.64563 77.49607 1.22059
5.67661 77.56216 1.07774
5.70760 73.15182 1.17971
5.73858 73.57776 1.30039
5.76957 76.71204 1.34377
5.80055 77.24289 1.39850
5.83154 75.25033 1.40740
5.86252 77.41033 1.33730
5.89351 73.13027 2.19001
5.92450 76.59869 1.74305
5.95548 76.52142 1.71354
5.98647 75.46776 1.94514
6.01745 77.38686 1.64921
6.04844 72.37328 1.50669
6.07942 76.59988 1.46065
6.11041 75.62258 1.26707
6.14139 74.79233 1.42093
6.17238 75.04346 1.26722
6.20336 71.00626 1.38688
6.23435 73.84081 1.13890
6.26533 70.07356 1.31920
6.29632 71.88763 1.04451
6.32730 69.57890 1.31895
6.35829 71.18475 1.06183
6.38928 71.87261 1.03663
6.42026 68.16787 1.09868
6.45125 62.87436 0.98248
6.48223 65.83965 1.25885
6.51322 65.82755 1.39429
6.54420 63.46132 1.70025
6.57519 65.82153 1.69945
6.60617 65.40990 1.55817
6.63716 64.07555 1.99124
6.66814 66.28056 1.75519
6.69913 63.71447 1.58951
6.73011 60.62747 1.44043
6.76110 63.35398 1.58336
6.79209 63.42805 1.64072
6.82307 61.50927 1.60573
6.85406 59.50612 2.24697
6.88504 59.48846 1.55647
6.91603 56.06829 1.68570
6.94701 60.49683 1.54777
6.97800 58.01919 1.47585
7.00898 58.32693 1.61121
7.03997 57.49085 1.48129
7.07095 55.22245 1.56064
7.10194 58.73246 1.68709
7.13292 58.06504 1.59666
7.16391 56.61315 1.95758
7.19489 52.93439 1.77962
7.22588 56.32174 1.87628
7.25687 47.89258 1.73981
7.28785 50.71724 2.16692
7.31884 54.35449 2.18461
7.34982 52.18254 3.58846
7.38081 51.50961 2.53697
7.41179 48.65509 2.25825
7.44278 54.00676 2.25409
7.47376 54.07781 2.37182
7.50475 46.46633 2.91120
7.53573 50.29312 2.54089
7.56672 52.00932 2.04350
7.59580 54.14838 1.49942
7.65789 52.74818 1.62652
7.71999 45.93651 1.31123
7.78208 45.00640 1.37475
7.84418 46.79204 1.11467
7.90627 45.44796 1.10138
7.96837 41.84011 1.12068
8.03046 41.76599 1.06306
8.09255 40.35372 1.04820
8.15465 40.68950 0.88707
8.21674 44.09456 0.98757
8.27884 43.00929 1.05071
8.34093 42.77220 0.98479
8.40302 41.43437 0.88596
8.46512 39.76292 1.18998
8.52721 40.88762 1.07772
8.58931 40.82256 1.03269
8.65140 41.77359 1.09272
8.71349 41.06560 1.02750
8.77559 40.12147 0.94266
8.83769 40.65034 0.84106
8.89978 42.41347 0.78907
8.96187 39.43876 0.86606
9.02397 42.06889 0.81297
9.08606 41.73091 0.89831
9.14815 43.14230 0.84783
9.21025 40.92857 0.75895
9.27234 42.62791 0.77995
9.33444 42.89047 0.70049
9.39653 44.34028 0.80338
9.45863 44.83799 0.71043
9.52072 44.46983 0.67895
9.58282 45.30823 0.66516
9.64491 44.39954 0.67349
9.70700 44.61562 0.72253
9.76910 44.94789 2.29167
9.83119 45.09389 0.71389
9.89329 43.68452 0.71552
9.95538 44.97534 0.89465
10.01747 42.94341 0.84658
10.07957 43.24001 1.01488
10.14166 43.81638 0.83430
10.20376 43.12141 1.02762
10.26585 42.46331 0.73806
10.32795 41.49333 0.70617
10.39004 41.83682 0.79450
10.45213 41.23890 0.67939
10.51423 41.80597 0.67208
10.57632 38.87683 0.72788
10.63842 38.27672 0.85480
10.70051 40.77570 0.77659
10.76260 40.09053 0.68392
10.82470 37.61506 0.63084
10.88679 39.59122 0.64625
10.94889 39.71177 0.60032
11.01098 39.69008 0.69274
11.07308 38.54766 0.64808
11.13517 37.52648 0.70982
11.19726 38.88046 0.67395
11.25936 38.34501 0.69984
11.32145 36.42890 0.89343
11.38355 35.26936 0.77209
11.44564 36.37370 0.86568
11.50774 37.01663 0.83786
11.56983 33.78132 0.90052
11.63192 35.80252 1.03771
11.69402 33.96907 0.94960
11.75611 32.76192 0.79313
11.81821 32.64229 0.69967
11.88030 32.17797 0.71599
11.94240 32.48190 0.70196
12.00449 32.66055 0.85615
12.06658 31.26682 0.83954
12.12868 32.38651 0.63252
12.19077 31.63388 0.68804
12.25287 30.63977 0.81534
12.31496 30.74404 0.62288
12.37705 30.08971 0.66330
12.43915 30.82119 0.66429
12.50124 29.53084 0.65952
12.56334 30.33378 0.66980
12.62543 30.90401 0.79031
12.68753 29.98850 0.87368
12.74962 29.91022 0.70593
12.81171 32.23956 0.76320
12.87381 30.34534 0.77320
12.93590 27.85222 0.78844
12.99800 29.64863 0.84753
13.06009 28.20274 0.88852
13.12218 29.18936 0.84398
13.18428 28.98914 0.88358
13.24637 26.60051 0.92682
13.30847 28.22381 0.73237
13.37056 27.43473 0.73839
13.43266 25.72624 0.72561
13.49475 26.75854 0.75986
13.55684 25.73379 0.65380
13.61894 27.43780 0.82545
13.68103 27.39624 0.61918
13.74313 25.99671 0.74624
13.80522 28.19539 0.68615
13.86732 27.40981 0.75250
13.92941 26.04745 0.75224
13.99150 27.60326 0.81491
14.05360 24.97062 0.91094
14.11569 23.56031 1.05664
14.17779 25.12276 1.04777
14.23988 27.12565 0.97207
14.30198 26.61898 1.04905
14.36407 24.74458 0.95672
14.42616 22.91832 1.07846
14.48826 23.82158 1.11448
14.54169 23.13250 1.06043
14.63338 23.44447 0.37471
14.72508 23.50155 0.37300
14.81677 22.03898 0.34676
14.90846 22.72822 0.34608
15.00015 21.66019 0.32695
15.09185 21.91081 0.31935
15.18354 21.30406 0.35259
15.27523 21.69962 0.32855
15.36693 19.95045 0.32756
15.45862 24.10434 0.32046
15.55031 28.17092 0.32865
15.64200 23.28033 0.30820
15.73370 21.23989 0.32756
15.82539 21.42319 0.50758
15.91708 21.39094 0.35492
16.00878 22.30081 0.37655
16.10047 21.63456 0.38544
16.19216 22.57627 0.39615
16.28386 22.56547 0.38060
16.37555 22.30073 0.43306
16.46724 21.78611 0.36229
16.55893 21.63029 0.37715
16.65063 23.48070 0.41863
16.74232 22.04008 0.38210
16.83401 23.46842 0.38160
16.92570 22.67545 0.37497
17.01740 21.93597 0.32144
17.10909 21.43858 0.32853
17.20078 21.75191 0.32819
17.29248 21.12554 0.33682
17.38417 21.37822 0.35581
17.47586 22.26728 0.37506
17.56756 21.43306 0.31526
17.65925 21.37097 0.33643
17.75094 20.98573 0.33227
17.84263 20.71489 0.36031
17.93433 20.92783 0.34732
18.02602 20.95981 0.34091
18.11771 20.46242 0.34442
18.20941 19.15281 0.36605
18.30110 20.48865 0.34921
18.39279 21.10268 0.34720
18.48449 20.36802 0.32400
18.57618 21.85079 0.38880
18.66787 23.13542 0.33640
18.75956 19.78428 0.50873
18.85126 19.97556 0.36073
18.94295 19.84110 0.35686
19.03464 21.01527 0.42899
19.12634 21.61219 0.44287
19.21803 20.00805 0.49620
19.30972 20.07522 0.47455
19.40141 19.67592 0.54725
19.49311 19.88321 0.55802
19.58480 18.22828 0.58912
19.67649 18.09980 0.65061
19.76819 20.20065 0.58356
19.85988 16.56229 0.58025
19.95157 18.46432 0.48997
20.04326 17.77314 0.53144
20.13496 17.78525 0.44874
20.22665 18.03768 0.46721
20.31834 17.77323 0.43923
20.41004 17.60725 0.47364
20.50173 16.56856 0.44919
20.59342 17.79723 0.47967
20.68512 15.90326 0.53876
20.77681 16.44809 0.51256
20.86850 15.33737 0.56715
20.96019 16.74719 0.59753
21.05189 16.13898 0.62144
