\DATE= 'Mon Aug 19 21:30:09 2013'
\APERNAME= 'LL2'
\BUNIT= 'MJy/sr'
\CAL_SET= 'irs_2007_02_12-pb-pfc-trim-omeg-lhbiasfork.cal'
\SOFTWARE= 'CUBISM'
\SOFT_VER= 'v1.50 (June-2007)'
\FILENAME= 'm31_irc_8_ll_ll2_cube__fits__LL2_sp.tbl'
\ COMMENT This file contains a spectral extraction created from
\ COMMENT an IRS spectral mapping dataset.
\ Extraction Area:
\ # Poly: 00:42:20.998,+41:07:45.44 ; 00:42:19.016,+41:07:23.36
\ #       00:42:22.119,+41:06:47.79 ; 00:42:24.101,+41:07:09.87
|   WAVELENGTH    |      FLUX       | FLUX_UNCERTAINTY |
|      real       |      real       |       real       |
|       um        |     MJy/sr      |      MJy/sr      |
         14.26661         0.5566357         0.02918669
         14.35830         0.6774103         0.03581344
         14.45000         0.6712711         0.02938609
         14.54169         0.6904060         0.03086014
         14.63338         0.5176194         0.03061280
         14.72508         0.6203354         0.03110022
         14.81677         0.6859985         0.03686607
         14.90846         0.6939517         0.03225842
         15.00015         0.6113709         0.03088135
         15.09185         0.8027027         0.02833436
         15.18354         0.7935616         0.03333021
         15.27523         0.7435430         0.02797920
         15.36693         0.6580818         0.02688224
         15.45862         0.9124768         0.02759023
         15.55031          1.198989         0.02680811
         15.64200         0.8388760         0.02615891
         15.73370         0.7267170         0.02765893
         15.82539         0.7027083         0.02789003
         15.91708         0.7300738         0.03061704
         16.00878         0.7710779         0.03419861
         16.10047         0.6229280         0.03206139
         16.19216         0.6931418         0.03452141
         16.28386         0.6563831         0.04365809
         16.37555         0.8352714         0.08132616
         16.46724         0.7988951         0.03336035
         16.55893         0.8303602         0.03180873
         16.65063         0.6720112         0.02956087
         16.74232         0.7603410         0.04647858
         16.83401         0.8300862         0.03324842
         16.92570         0.9474741         0.03392376
         17.01740         0.9859839         0.03062799
         17.10909         0.8211213         0.06874936
         17.20078         0.9126139         0.02982226
         17.29248         0.9561212         0.02940273
         17.38417         0.9347158         0.02911737
         17.47586         0.6958928         0.03726484
         17.56756         0.7633805         0.02877706
         17.65925         0.6865740         0.02804398
         17.75094         0.7259738         0.02852185
         17.84263         0.5988111         0.03348874
         17.93433         0.7127208         0.03598517
         18.02602         0.6168206         0.03782377
         18.11771         0.6582934         0.02958601
         18.20941         0.7923636         0.03331115
         18.30110         0.6340240         0.03509817
         18.39279         0.6752464         0.03373195
         18.48449         0.7993485         0.02948638
         18.57618         0.8563030         0.03764762
         18.66787          1.102990         0.03337036
         18.75956         0.9792976         0.03680845
         18.85126         0.6330853         0.03340608
         18.94295         0.8106166         0.03883911
         19.03464         0.7598557         0.03920703
         19.12634         0.6766669         0.04231833
         19.21803         0.4231142         0.04689975
         19.30972         0.6956964         0.04638993
         19.40141         0.5344683         0.04933323
         19.49311         0.4460275         0.07156700
         19.58480         0.8169820         0.05517543
         19.67649         0.7033343         0.05351637
         19.76819         0.6306564         0.04992515
         19.85988         0.4823152         0.05183133
         19.95157         0.6645105         0.04803866
         20.04326         0.9358974         0.04876583
         20.13496         0.6607040         0.04432917
         20.22665         0.5614749         0.05316461
         20.31834         0.7361835         0.04360549
         20.41004         0.6787823         0.04663723
         20.50173         0.5163074         0.05489204
         20.59342         0.5717321         0.06546053
         20.68512         0.8509377         0.06246689
         20.77681         0.8453080         0.07453714
         20.86850         0.8238008         0.06685639
         20.96019         0.6273829         0.06419408
         21.05189         0.5621006         0.05762844
