\DATE= 'Mon Aug 19 21:24:07 2013'
\APERNAME= 'SL1'
\BUNIT= 'MJy/sr'
\CAL_SET= 'irs_2007_02_12-pb-pfc-trim-omeg-lhbiasfork.cal'
\SOFTWARE= 'CUBISM'
\SOFT_VER= 'v1.50 (June-2007)'
\FILENAME= 'm31_irc_7_sl_sl1_cube__fits__SL1_sp.tbl'
\ COMMENT This file contains a spectral extraction created from
\ COMMENT an IRS spectral mapping dataset.
\ Extraction Area:
\ # Poly: 00:40:53.377,+40:59:26.93 ; 00:40:51.402,+40:59:04.83
\ #       00:40:54.502,+40:58:29.30 ; 00:40:56.478,+40:58:51.40
|   WAVELENGTH    |      FLUX       | FLUX_UNCERTAINTY |
|      real       |      real       |       real       |
|       um        |     MJy/sr      |      MJy/sr      |
         7.533706          1.578689         0.08585090
         7.595799          1.442424         0.07719259
         7.657894          1.519647         0.07584543
         7.719988          1.384697         0.06556183
         7.782082          1.338726         0.05864836
         7.844176          1.348980         0.05772877
         7.906271         0.9133566         0.05798247
         7.968365         0.9464186         0.05914432
         8.030458         0.7422621         0.05676820
         8.092554         0.7115096         0.05289886
         8.154648         0.7217393         0.05215130
         8.216742         0.7468807         0.05355802
         8.278836         0.7670098         0.05412925
         8.340930         0.7781623         0.05391565
         8.403025         0.9083516         0.05486623
         8.465118         0.8877827         0.05768783
         8.527213          1.008522         0.05720905
         8.589307          1.058145         0.05997431
         8.651402         0.9060439         0.05587863
         8.713495         0.7129365         0.05422149
         8.775590         0.6270967         0.04993108
         8.837685         0.4778547         0.04950991
         8.899778         0.3017510         0.04367689
         8.961872         0.4658141         0.04280809
         9.023967         0.3444361         0.04382223
         9.086061         0.3774367         0.04110399
         9.148155         0.3002615         0.03932221
         9.210249         0.3207534         0.03823105
         9.272344         0.3626879         0.03894767
         9.334438         0.3186591         0.03885455
         9.396532         0.2656349         0.04050985
         9.458626         0.2609055         0.03901121
         9.520720         0.2834544         0.03817400
         9.582815         0.2797010         0.04074302
         9.644909         0.4326952         0.03506116
         9.707003         0.3621844         0.04047830
         9.769097         0.2403017         0.03965069
         9.831192         0.2378819         0.03989927
         9.893286         0.2684605         0.04251629
         9.955380         0.2950528         0.04282901
         10.01747         0.2872219         0.04399850
         10.07957         0.1841026         0.04500283
         10.14166         0.2099623         0.04301742
         10.20376         0.3059143         0.04101797
         10.26585         0.2714598         0.04054214
         10.32795         0.1517423         0.03994082
         10.39004         0.2191048         0.03890150
         10.45213         0.3140136         0.03891866
         10.51423         0.4544035         0.03651436
         10.57632         0.4232385         0.03530971
         10.63842         0.4382215         0.03460523
         10.70051         0.4521747         0.03528528
         10.76260         0.5897757         0.03341352
         10.82470         0.6266747         0.03892959
         10.88679         0.5557025         0.03659008
         10.94889         0.5724267         0.03402196
         11.01098         0.6649191         0.03688853
         11.07308         0.8993354         0.03755130
         11.13517          1.649505         0.03780300
         11.19726          2.534139         0.03943219
         11.25936          2.507106         0.04078628
         11.32145          1.882965         0.04526120
         11.38355          1.337345         0.04491868
         11.44564          1.207420         0.04713395
         11.50774         0.8823429         0.04786630
         11.56983         0.8215097         0.05101036
         11.63192         0.6294859         0.05146217
         11.69402         0.5618231         0.05265707
         11.75611         0.5385697         0.04689354
         11.81821         0.6102725         0.04434631
         11.88030         0.6959831         0.05559926
         11.94240         0.7072145         0.04102192
         12.00449         0.7398370         0.04158477
         12.06658         0.6391396         0.04046672
         12.12868         0.7040251         0.03981462
         12.19077         0.8033620         0.04196832
         12.25287         0.8244097         0.04123970
         12.31496         0.7856146         0.03985287
         12.37705         0.8413079         0.04205164
         12.43915         0.7672127         0.04149937
         12.50124         0.8652002         0.04195831
         12.56334         0.9477222         0.04387913
         12.62543          1.017507         0.04254924
         12.68753          1.056836         0.04560150
         12.74962          1.318146         0.05213837
         12.81171          1.095794         0.04998302
         12.87381         0.6278561         0.05157625
         12.93590         0.5828220         0.05448682
         12.99800         0.4468658         0.06615153
         13.06009         0.4443173         0.05807374
         13.12218         0.4557164         0.05969619
         13.18428         0.4014684         0.05733591
         13.24637         0.4761386         0.05570566
         13.30847         0.4166070         0.05350310
         13.37056         0.2152178         0.05117849
         13.43266         0.4202562         0.05188859
         13.49475         0.3363516         0.05234918
         13.55684         0.3078752         0.05312196
         13.61894         0.3472860         0.04698508
         13.68103         0.3431143         0.04975674
         13.74313         0.2317496         0.04862835
         13.80522         0.1203043         0.04985176
         13.86732         0.1667753         0.05003201
         13.92941         0.3329850         0.05261341
         13.99150         0.3090044         0.05604143
         14.05360         0.1904524         0.05726481
         14.11569         0.2544763         0.06261608
         14.17779         0.4040013         0.06815995
         14.23988         0.4993613         0.07167397
         14.30198         0.4665610         0.06976081
         14.36407         0.3233013         0.06850760
         14.42616         0.2906785         0.07602517
         14.48826         0.2502823         0.07150716
         14.55035         0.2155482         0.07021523
         14.61245         0.3112066         0.06341363
         14.67454         0.3989993         0.05830331
         14.73664         0.1909892         0.05112309
