\DATE= 'Mon Jul 29 18:39:14 2013'
\APERNAME= 'SL2'
\BUNIT= 'MJy/sr'
\CAL_SET= 'irs_2007_02_12-pb-pfc-trim-omeg-lhbiasfork.cal'
\SOFTWARE= 'CUBISM'
\SOFT_VER= 'v1.50 (June-2007)'
\FILENAME= 'm31_irc_3_sl_sl2_cube__fits__SL2_sp.tbl'
\ COMMENT This file contains a spectral extraction created from
\ COMMENT an IRS spectral mapping dataset.
\ Extraction Area:
\ # Poly: 00:40:36.763,+41:01:57.42 ; 00:40:34.790,+41:01:35.26
\ #       00:40:37.900,+41:00:59.82 ; 00:40:39.872,+41:01:21.97
|   WAVELENGTH    |      FLUX       | FLUX_UNCERTAINTY |
|      real       |      real       |       real       |
|       um        |     MJy/sr      |      MJy/sr      |
         5.242817         0.8887236          0.4595892
         5.273802        0.05197867          0.4961182
         5.304788         0.3684901          0.4448476
         5.335773          1.899061          0.4310409
         5.366758       -0.01581202          0.3794988
         5.397744        -0.7285979          0.3515225
         5.428729        -0.3869350          0.3354718
         5.459714         0.4332204          0.2930981
         5.490700        -0.1192857          0.2829996
         5.521685         0.9649377          0.2752400
         5.552670         0.9466369          0.2688151
         5.583656        -0.1286918          0.2630952
         5.614641        -0.8058228          0.2967953
         5.645627         0.8390292          0.2785456
         5.676612         0.9728529          0.2677581
         5.707598        -0.1828424          0.2609182
         5.738583        -0.2301452          0.2665597
         5.769568        -0.8543542          0.2728252
         5.800553         0.3940490          0.2939938
         5.831539         0.3484052          0.3266967
         5.862525        -0.2161074          0.3124416
         5.893510        -0.6964282          0.3462641
         5.924495        0.06886406          0.3473852
         5.955481         0.1144606          0.3743724
         5.986466         0.4590899          0.3811964
         6.017451          1.199668          0.3743522
         6.048437       -0.03839708          0.3468138
         6.079422        0.01450983          0.3072373
         6.110407         0.5694501          0.2842701
         6.141393         0.3153901          0.2838060
         6.172378         0.6306224          0.2761822
         6.203363         0.5632755          0.2792524
         6.234349          1.169184          0.2446440
         6.265334         0.7104779          0.2513052
         6.296319         0.7735822          0.2486856
         6.327305         0.6107705          0.2737908
         6.358290        0.04602465          0.2607315
         6.389276         0.4270725          0.2551592
         6.420261         0.1747510          0.2398897
         6.451246        -0.3511059          0.2577077
         6.482232         0.8295369          0.2630795
         6.513217         0.3410315          0.2907557
         6.544202         0.1962737          0.3290535
         6.575188        -0.1911367          0.3589321
         6.606173         0.3267525          0.3645724
         6.637158         0.7622684          0.3727884
         6.668144         0.8433256          0.3680552
         6.699129        -0.1342834          0.3656091
         6.730114        -0.6704155          0.3549694
         6.761100        -0.3027166          0.3443110
         6.792085        -0.2183138          0.3427058
         6.823071         0.5959455          0.3584532
         6.854056         0.2205792          0.3452733
         6.885041         0.4924717          0.3441938
         6.916027         0.1281528          0.3357983
         6.947012         0.5011863          0.3192243
         6.977998         0.3247017          0.3221554
         7.008983        0.07499333          0.3508246
         7.039968         0.6650753          0.3350933
         7.070954         0.3116423          0.3255824
         7.101939         0.3684906          0.3243751
         7.132924          1.162288          0.3358927
         7.163910         0.9741781          0.3504912
         7.194895          1.822395          0.3686044
         7.225881         0.8914285          0.3817026
         7.256866        0.06098531          0.4114260
         7.287851          1.024374          0.4361095
         7.318837          2.084305          0.4952888
         7.349822          1.306573          0.5266055
         7.380807         0.9856789          0.5354867
         7.411793         0.3349545          0.5199991
         7.442778          1.119126          0.5169523
         7.473763          1.060183          0.5128925
         7.504749          1.201102          0.5222109
         7.535734          1.927066          0.5236423
         7.566720          3.964861          0.5405713
         7.597705         0.4608260          0.6098427
