\DATE= 'Mon Aug 19 17:32:38 2013'
\APERNAME= 'LL2'
\BUNIT= 'MJy/sr'
\CAL_SET= 'irs_2007_02_12-pb-pfc-trim-omeg-lhbiasfork.cal'
\SOFTWARE= 'CUBISM'
\SOFT_VER= 'v1.50 (June-2007)'
\FILENAME= 'm31_irc_4_ll_ll2_cube__fits__LL2_sp.tbl'
\ COMMENT This file contains a spectral extraction created from
\ COMMENT an IRS spectral mapping dataset.
\ Extraction Area:
\ # Poly: 00:41:17.252,+41:07:37.81 ; 00:41:15.276,+41:07:15.66
\ #       00:41:18.389,+41:06:40.20 ; 00:41:20.365,+41:07:02.35
|   WAVELENGTH    |      FLUX       | FLUX_UNCERTAINTY |
|      real       |      real       |       real       |
|       um        |     MJy/sr      |      MJy/sr      |
         14.26661         0.6371782         0.03002815
         14.35830         0.7420486         0.03013707
         14.45000         0.7650936         0.02887315
         14.54169         0.7209999         0.02828283
         14.63338         0.5156201         0.07203160
         14.72508         0.5934376         0.03724533
         14.81677         0.7859046         0.04680133
         14.90846         0.7222989         0.03078891
         15.00015         0.7332446         0.02737190
         15.09185         0.7065995         0.02476330
         15.18354         0.7646000         0.03209934
         15.27523         0.7845662         0.02729042
         15.36693         0.6448575         0.02770931
         15.45862         0.6443940         0.02645420
         15.55031         0.7911158         0.02728832
         15.64200         0.6641750         0.02579232
         15.73370         0.8315510         0.02479545
         15.82539         0.8016494         0.05410870
         15.91708         0.7975143         0.03179965
         16.00878         0.8389857         0.07615407
         16.10047         0.7136005         0.04106425
         16.19216         0.8816109         0.04344025
         16.28386         0.9508980         0.03976772
         16.37555          1.309403         0.03592001
         16.46724          1.318074         0.03428529
         16.55893          1.170872         0.03171537
         16.65063          1.004471         0.04021684
         16.74232          1.073606         0.03216499
         16.83401          1.191895         0.04422028
         16.92570          1.460387         0.04090982
         17.01740          1.525836         0.03032815
         17.10909          1.366235         0.03021564
         17.20078          1.321517         0.03503380
         17.29248          1.429476         0.02959001
         17.38417          1.437250         0.06951586
         17.47586          1.028028         0.03370862
         17.56756         0.9612051         0.02857863
         17.65925         0.9126471         0.04751168
         17.75094         0.9831199         0.03171571
         17.84263         0.9593851         0.03237420
         17.93433         0.7494125         0.04227239
         18.02602         0.8130427         0.03022984
         18.11771         0.7727739         0.02990512
         18.20941         0.9804015         0.03411822
         18.30110         0.8069486         0.03640463
         18.39279         0.8355398         0.03666765
         18.48449         0.9854934         0.04809895
         18.57618         0.8438932         0.09386178
         18.66787         0.8613035         0.03707904
         18.75956         0.8849323         0.03672346
         18.85126         0.7687367         0.03342548
         18.94295         0.9414656         0.03877250
         19.03464         0.8867218         0.04778623
         19.12634         0.6453046         0.04575018
         19.21803         0.7708338          0.1378110
         19.30972         0.6867245         0.04554500
         19.40141         0.5698287         0.04799915
         19.49311         0.4448863         0.07197310
         19.58480         0.7674723         0.05345859
         19.67649         0.7439919         0.05339634
         19.76819         0.5686721          0.1315016
         19.85988         0.4916569         0.05197651
         19.95157         0.7147271         0.05137636
         20.04326         0.7307441         0.04966878
         20.13496         0.7864887         0.04563327
         20.22665         0.5337442         0.05347214
         20.31834         0.7129532         0.04446988
         20.41004         0.5907574         0.04801494
         20.50173         0.6434834         0.05721810
         20.59342         0.6095504          0.1555751
         20.68512         0.8469409         0.05361219
         20.77681         0.7895128         0.05819733
         20.86850         0.5562080         0.06428307
         20.96019         0.6623257         0.06236332
         21.05189         0.6032997          0.1705290
