\DATE= 'Mon Aug 19 21:12:55 2013'
\APERNAME= 'SL1'
\BUNIT= 'MJy/sr'
\CAL_SET= 'irs_2007_02_12-pb-pfc-trim-omeg-lhbiasfork.cal'
\SOFTWARE= 'CUBISM'
\SOFT_VER= 'v1.50 (June-2007)'
\FILENAME= 'm31_irc_5_sl_sl1_cube__fits__SL1_sp.tbl'
\ COMMENT This file contains a spectral extraction created from
\ COMMENT an IRS spectral mapping dataset.
\ Extraction Area:
\ # Poly: 00:43:38.980,+41:19:31.17 ; 00:43:36.982,+41:19:09.20
\ #       00:43:40.079,+41:18:33.46 ; 00:43:42.077,+41:18:55.42
|   WAVELENGTH    |      FLUX       | FLUX_UNCERTAINTY |
|      real       |      real       |       real       |
|       um        |     MJy/sr      |      MJy/sr      |
         7.533706         0.9079008         0.08448395
         7.595799         0.9773200         0.07941923
         7.657894          1.002182         0.07612623
         7.719988         0.9277023         0.06662977
         7.782082         0.8263469         0.06046516
         7.844176         0.7536073         0.05879866
         7.906271         0.5864633         0.05858663
         7.968365         0.6914598         0.05888619
         8.030458         0.4756745         0.05625650
         8.092554         0.4925397         0.05578526
         8.154648         0.3920402         0.05577362
         8.216742         0.4975774         0.05374007
         8.278836         0.5331642         0.05341809
         8.340930         0.5984701         0.05461954
         8.403025         0.6541396         0.05532751
         8.465118         0.6881039         0.05799995
         8.527213         0.6569022         0.05637695
         8.589307         0.7006956         0.05969176
         8.651402         0.6043504         0.05756399
         8.713495         0.4924805         0.05161512
         8.775590         0.5352063         0.04950984
         8.837685         0.4610687         0.04842896
         8.899778         0.3934928         0.04395357
         8.961872         0.3311314         0.04468513
         9.023967         0.3715315         0.04299753
         9.086061         0.4048891         0.04132749
         9.148155         0.3707744         0.03957675
         9.210249         0.3376380         0.03896492
         9.272344         0.4303085         0.03799615
         9.334438         0.3894698         0.04001733
         9.396532         0.3066520         0.04038154
         9.458626         0.3074556         0.03939692
         9.520720         0.4447345         0.04341872
         9.582815         0.4199510         0.04523352
         9.644909         0.4862293         0.03968675
         9.707003         0.5548591         0.04095209
         9.769097         0.3641073         0.04094885
         9.831192         0.2917489         0.04447117
         9.893286         0.3417521         0.04298398
         9.955380         0.3990225         0.04189060
         10.01747         0.3756573         0.04271907
         10.07957         0.3143745         0.04535519
         10.14166         0.3343911         0.04437020
         10.20376         0.4754176         0.04153262
         10.26585         0.4771048         0.03949934
         10.32795         0.3049006         0.03941363
         10.39004         0.3117517         0.03939862
         10.45213         0.4114079         0.04535595
         10.51423         0.4071614         0.04104364
         10.57632         0.3646986         0.03561872
         10.63842         0.4068816         0.03634111
         10.70051         0.4601368         0.03582435
         10.76260         0.5869104         0.03560644
         10.82470         0.5092293         0.03348937
         10.88679         0.4257092         0.03546203
         10.94889         0.3951143         0.03657363
         11.01098         0.5215778         0.03651525
         11.07308         0.5819355         0.03861699
         11.13517         0.9581445         0.03858910
         11.19726          1.550350         0.03931380
         11.25936          1.647500         0.04002678
         11.32145          1.277138         0.04218324
         11.38355         0.9609745         0.04477092
         11.44564         0.9651327         0.04736781
         11.50774         0.7715610         0.05062497
         11.56983         0.6493426         0.05217993
         11.63192         0.5510452         0.05140851
         11.69402         0.4373416         0.04955667
         11.75611         0.3579110         0.04811887
         11.81821         0.5147988         0.04357223
         11.88030         0.5108673         0.04087801
         11.94240         0.4766336         0.04217798
         12.00449         0.6247951         0.04254488
         12.06658         0.5300437         0.04141275
         12.12868         0.4656976         0.04115567
         12.19077         0.6333818         0.04230297
         12.25287         0.5567710         0.03991282
         12.31496         0.6731260         0.04023179
         12.37705         0.7011511         0.04218603
         12.43915         0.7129672         0.04224898
         12.50124         0.6120551         0.04699180
         12.56334         0.7379262         0.04642086
         12.62543         0.6304918         0.04147922
         12.68753         0.7046540         0.04366642
         12.74962         0.6894277         0.04533968
         12.81171         0.5186968         0.04685351
         12.87381         0.3703298         0.05039308
         12.93590         0.5025662         0.05431940
         12.99800         0.3508049         0.05710297
         13.06009         0.4091923         0.05688088
         13.12218         0.4707086         0.06049245
         13.18428         0.3028460         0.05933925
         13.24637         0.4050148         0.05587962
         13.30847         0.4498002         0.05237980
         13.37056         0.3456192         0.05216935
         13.43266         0.3846431         0.05014186
         13.49475         0.2848849         0.05198551
         13.55684         0.2609347         0.04787404
         13.61894         0.3775858         0.04758194
         13.68103         0.2785516         0.04795602
         13.74313         0.2364474         0.04888129
         13.80522         0.1047781         0.04821963
         13.86732         0.1711677         0.04846361
         13.92941         0.2700875         0.05158036
         13.99150         0.3332608         0.05709433
         14.05360         0.2010830         0.05806604
         14.11569        0.03846755         0.06268330
         14.17779         0.3932964         0.06522913
         14.23988         0.4201207         0.06829779
         14.30198         0.5404578         0.06924067
         14.36407         0.3092967         0.07377778
         14.42616         0.3097540         0.07582875
         14.48826         0.3075519         0.07714232
         14.55035         0.2345938         0.07377217
         14.61245         0.3369678         0.06451822
         14.67454         0.5263653         0.05923291
         14.73664         0.2370294         0.05373191
