\DATE= 'Mon Aug 19 17:37:55 2013'
\APERNAME= 'SL2'
\BUNIT= 'MJy/sr'
\CAL_SET= 'irs_2007_02_12-pb-pfc-trim-omeg-lhbiasfork.cal'
\SOFTWARE= 'CUBISM'
\SOFT_VER= 'v1.50 (June-2007)'
\FILENAME= 'm31_irc_6_sl_sl2_cube__fits__SL2_sp.tbl'
\ COMMENT This file contains a spectral extraction created from
\ COMMENT an IRS spectral mapping dataset.
\ Extraction Area:
\ # Poly: 00:43:35.131,+41:23:43.07 ; 00:43:33.129,+41:23:21.13
\ #       00:43:36.226,+41:22:45.35 ; 00:43:38.228,+41:23:07.29
|   WAVELENGTH    |      FLUX       | FLUX_UNCERTAINTY |
|      real       |      real       |       real       |
|       um        |     MJy/sr      |      MJy/sr      |
         5.242817         0.7936953          0.1203961
         5.273802         0.9139013          0.1273440
         5.304788         0.4909070          0.1125028
         5.335773         0.7593961         0.09769937
         5.366758         0.8051572         0.09687258
         5.397744         0.7520647         0.09583904
         5.428729         0.9354479         0.08696152
         5.459714          1.028967         0.07926425
         5.490700          1.053659         0.07017639
         5.521685         0.8942046         0.06805535
         5.552670         0.8165762         0.06815127
         5.583656         0.5843784         0.06721022
         5.614641         0.4775862         0.06831961
         5.645627         0.5885183         0.06737281
         5.676612         0.6390153         0.06321777
         5.707598         0.6029670         0.06470894
         5.738583         0.5302114         0.06319846
         5.769568         0.8243939         0.06840357
         5.800553         0.7778601         0.07548715
         5.831539         0.8087285         0.07667411
         5.862525         0.9825357         0.09159428
         5.893510         0.4741494         0.08901694
         5.924495         0.5088677         0.09567849
         5.955481         0.6832265         0.09649810
         5.986466         0.5257011         0.09628931
         6.017451         0.8995441         0.09067219
         6.048437         0.8345557         0.09430818
         6.079422         0.7436343         0.09064110
         6.110407         0.5752220         0.08471676
         6.141393         0.7561652         0.08193151
         6.172378         0.9670423         0.07595257
         6.203363         0.9194443         0.07708093
         6.234349          1.058875         0.07347405
         6.265334         0.7735153         0.06746282
         6.296319         0.5715007         0.07138352
         6.327305         0.6266997         0.07797362
         6.358290         0.8224692         0.07858606
         6.389276         0.9689177         0.08060990
         6.420261         0.7004750         0.07690109
         6.451246         0.6360999         0.07496575
         6.482232         0.7926291         0.07687008
         6.513217         0.8079597         0.08247302
         6.544202         0.6504779         0.09612474
         6.575188         0.6453318          0.1064755
         6.606173         0.3241583          0.1090315
         6.637158         0.4538144          0.1076290
         6.668144         0.7370831          0.1120729
         6.699129         0.7184579          0.1064411
         6.730114         0.6346587          0.1063388
         6.761100         0.5544223          0.1055215
         6.792085         0.6312026          0.1044747
         6.823071         0.7819332          0.1010609
         6.854056         0.6154072          0.1054185
         6.885041         0.5075428          0.1020484
         6.916027         0.6673174         0.09593825
         6.947012         0.8448696          0.1025391
         6.977998         0.7510111         0.09920553
         7.008983         0.6466173          0.1021673
         7.039968         0.8592659          0.1038107
         7.070954         0.7501312          0.1021476
         7.101939         0.7385945         0.09837180
         7.132924         0.6133137          0.1030571
         7.163910         0.7581981          0.1031665
         7.194895         0.6796890          0.1063374
         7.225881         0.6189880          0.1208245
         7.256866         0.8448638          0.1458062
         7.287851         0.8844078          0.1411067
         7.318837         0.2367888          0.1457938
         7.349822         0.4825566          0.1523813
         7.380807         0.7633214          0.1613258
         7.411793         0.6640024          0.1600799
         7.442778         0.7176836          0.1512705
         7.473763          1.012802          0.1574468
         7.504749          1.082397          0.1517198
         7.535734         0.7522585          0.1602088
         7.566720          1.040966          0.1551604
         7.597705          1.339180          0.1903669
