\DATE= 'Fri Aug 30 15:49:29 2013'
\APERNAME= 'SL2'
\BUNIT= 'MJy/sr'
\CAL_SET= 'irs_2007_02_12-pb-pfc-trim-omeg-lhbiasfork.cal'
\SOFTWARE= 'CUBISM'
\SOFT_VER= 'v1.50 (June-2007)'
\FILENAME= 'm31_irc_1_sl_sl2_cube__fits__SL2_sp.tbl'
\ COMMENT This file contains a spectral extraction created from
\ COMMENT an IRS spectral mapping dataset.
\ Extraction Area:
\ # Poly: 00:41:29.935,+40:43:34.53 ; 00:41:27.958,+40:43:12.53
\ #       00:41:30.918,+40:42:38.16 ; 00:41:32.895,+40:43:00.16
|   WAVELENGTH    |      FLUX       | FLUX_UNCERTAINTY |
|      real       |      real       |       real       |
|       um        |     MJy/sr      |      MJy/sr      |
         5.242817         0.3371021          0.1226174
         5.273802         0.4305411          0.1298879
         5.304788         0.4024317          0.1152294
         5.335773         0.2949035         0.09758396
         5.366758         0.2613694         0.09428446
         5.397744         0.4451369         0.09124058
         5.428729         0.2655487         0.08611459
         5.459714         0.3467481         0.07512669
         5.490700         0.4544536         0.07163820
         5.521685         0.3029864         0.06805997
         5.552670         0.2021255         0.06946249
         5.583656         0.2469115         0.06747492
         5.614641         0.2339142         0.06721406
         5.645627         0.3058499         0.06682894
         5.676612         0.3022032         0.06760894
         5.707598         0.1407170         0.06969810
         5.738583         0.1916877         0.06406809
         5.769568         0.2940070         0.07439228
         5.800553         0.5572907         0.07750244
         5.831539         0.3826167         0.07863677
         5.862525         0.5879128         0.08558965
         5.893510         0.1833612         0.09007619
         5.924495         0.1611389         0.09617613
         5.955481         0.3500742         0.09568052
         5.986466         0.2905979         0.09558747
         6.017451         0.6965838         0.09235411
         6.048437         0.5452213         0.09092627
         6.079422         0.6838477         0.08791161
         6.110407         0.7048678         0.08086920
         6.141393         0.9048303         0.08038265
         6.172378          1.445010         0.07797892
         6.203363          1.498735         0.07970288
         6.234349          1.626724         0.06935547
         6.265334          1.218844         0.06916094
         6.296319         0.9998420         0.07445893
         6.327305         0.7762983         0.08229081
         6.358290         0.7287796         0.07565339
         6.389276         0.7641684         0.08197526
         6.420261         0.5461940         0.08355681
         6.451246         0.5673041         0.07462098
         6.482232         0.6790445         0.07717788
         6.513217         0.5162531         0.08517817
         6.544202         0.3916605         0.09434246
         6.575188         0.5560853          0.1045679
         6.606173         0.3771838          0.1098007
         6.637158         0.4074922          0.1102802
         6.668144         0.5135083          0.1130240
         6.699129         0.7794120          0.1077547
         6.730114         0.8422974          0.1057854
         6.761100         0.5300903          0.1069532
         6.792085         0.4280693          0.1063612
         6.823071         0.5323012          0.1030117
         6.854056         0.5462826          0.1016728
         6.885041         0.4812128          0.1029924
         6.916027         0.5998859          0.1015344
         6.947012         0.7195134         0.09773882
         6.977998         0.5438986          0.1008275
         7.008983         0.3775274          0.1039117
         7.039968         0.5945361          0.1085656
         7.070954         0.7010022          0.1029480
         7.101939         0.8803124          0.1008560
         7.132924         0.7136979         0.09959893
         7.163910         0.6535286          0.1019969
         7.194895         0.8301687          0.1085591
         7.225881          1.020310          0.1265272
         7.256866          1.133610          0.1378379
         7.287851          1.085831          0.1433337
         7.318837         0.8914261          0.1486751
         7.349822          1.396187          0.1544800
         7.380807          1.416527          0.1674499
         7.411793          1.232509          0.1625234
         7.442778          1.596580          0.1559496
         7.473763          1.982390          0.1500778
         7.504749          2.169304          0.1516631
         7.535734          2.266821          0.1601445
         7.566720          2.438460          0.1547794
         7.597705          2.547443          0.1763646
