\DATE= 'Thu Jul 25 18:39:40 2013'
\APERNAME= 'SL1'
\BUNIT= 'MJy/sr'
\CAL_SET= 'irs_2007_02_12-pb-pfc-trim-omeg-lhbiasfork.cal'
\SOFTWARE= 'CUBISM'
\SOFT_VER= 'v1.50 (June-2007)'
\FILENAME= 'm31_irc_2_sl_sl1_cube__fits__SL1_sp.tbl'
\ COMMENT This file contains a spectral extraction created from
\ COMMENT an IRS spectral mapping dataset.
\ Extraction Area:
\ # Poly: 00:45:22.392,+41:39:19.89 ; 00:45:20.367,+41:38:58.12
\ #       00:45:23.338,+41:38:23.40 ; 00:45:25.363,+41:38:45.17
|   WAVELENGTH    |      FLUX       | FLUX_UNCERTAINTY |
|      real       |      real       |       real       |
|       um        |     MJy/sr      |      MJy/sr      |
         7.533706          2.386687         0.08751291
         7.595799          2.280892         0.08231363
         7.657894          2.293211         0.07925025
         7.719988          2.169647         0.06772589
         7.782082          2.177793         0.06164505
         7.844176          2.032189         0.05978148
         7.906271          1.567158         0.06469293
         7.968365          1.493770         0.06012427
         8.030458          1.217189         0.05850599
         8.092554          1.229565         0.05511605
         8.154648         0.9903403         0.05412331
         8.216742          1.101610         0.05607051
         8.278836          1.143699         0.05673824
         8.340930          1.094547         0.05580915
         8.403025          1.354724         0.05824594
         8.465118          1.364107         0.05937550
         8.527213          1.502347         0.06125686
         8.589307          1.588952         0.06112483
         8.651402          1.410388         0.05846204
         8.713495          1.121709         0.05355494
         8.775590          1.001145         0.05444315
         8.837685         0.7234418         0.04895308
         8.899778         0.6078665         0.04673456
         8.961872         0.5704467         0.04854545
         9.023967         0.5369366         0.04659128
         9.086061         0.5345631         0.04197224
         9.148155         0.4089895         0.03977299
         9.210249         0.4942722         0.03821113
         9.272344         0.5407459         0.03892889
         9.334438         0.5317635         0.04089409
         9.396532         0.4276477         0.04277689
         9.458626         0.4632082         0.04084246
         9.520720         0.4412635         0.03978463
         9.582815         0.3703122         0.03905974
         9.644909         0.4872846         0.03569323
         9.707003         0.5631405         0.04017863
         9.769097         0.4667668         0.04866321
         9.831192         0.4223024         0.04195030
         9.893286         0.4336180         0.04142670
         9.955380         0.4161750         0.04315813
         10.01747         0.4267839         0.04566200
         10.07957         0.3761551         0.04646011
         10.14166         0.4130718         0.04509909
         10.20376         0.4989879         0.04248679
         10.26585         0.4405666         0.04089301
         10.32795         0.4128202         0.04483377
         10.39004         0.4158616         0.03940977
         10.45213         0.4991961         0.04193344
         10.51423         0.5698751         0.04044149
         10.57632         0.5755090         0.03803787
         10.63842         0.6340100         0.03653415
         10.70051         0.6395548         0.03671226
         10.76260         0.8148957         0.03435792
         10.82470         0.8176228         0.03387963
         10.88679         0.7547052         0.03669129
         10.94889         0.9543806         0.03593749
         11.01098          1.175352         0.03804905
         11.07308          1.397356         0.03871872
         11.13517          2.228410         0.04024435
         11.19726          3.479001         0.05299029
         11.25936          3.788818         0.05061731
         11.32145          2.864413         0.04403640
         11.38355          2.005228         0.04553661
         11.44564          1.772386         0.04785318
         11.50774          1.510822         0.05120743
         11.56983          1.307895         0.05379304
         11.63192         0.9658483         0.05219134
         11.69402         0.8857280         0.04880947
         11.75611         0.8813165         0.04830058
         11.81821         0.9329454         0.04468020
         11.88030         0.9177366         0.04181655
         11.94240          1.062251         0.04346516
         12.00449          1.126963         0.04523604
         12.06658         0.9939133         0.04252405
         12.12868          1.079934         0.04131830
         12.19077          1.022271         0.04322214
         12.25287          1.025241         0.04382293
         12.31496          1.180079         0.04235273
         12.37705          1.193931         0.04446933
         12.43915          1.205763         0.04474384
         12.50124          1.369339         0.04437635
         12.56334          1.473183         0.04548124
         12.62543          1.481214         0.04380524
         12.68753          1.622414         0.04524367
         12.74962          1.630766         0.04931585
         12.81171          1.411375         0.05777855
         12.87381         0.9288423         0.05489142
         12.93590         0.9048135         0.05791664
         12.99800         0.7375572         0.06044627
         13.06009         0.6857597         0.06101489
         13.12218         0.7697383         0.06280298
         13.18428         0.6675532         0.06050695
         13.24637         0.7143127         0.06065501
         13.30847         0.7759952         0.05419056
         13.37056         0.6403453         0.05322487
         13.43266         0.8871160         0.05579958
         13.49475         0.7497488         0.05144540
         13.55684         0.6635047         0.04771360
         13.61894         0.8229333         0.04693885
         13.68103         0.7912484         0.05060339
         13.74313         0.5632815         0.04987485
         13.80522         0.3934865         0.04975065
         13.86732         0.4366994         0.04946266
         13.92941         0.7135402         0.05282101
         13.99150         0.6543490         0.05791787
         14.05360         0.5216414         0.05784247
         14.11569         0.5045491         0.06547301
         14.17779         0.7644199         0.06636354
         14.23988         0.8220278         0.07100891
         14.30198         0.8683079         0.07295491
         14.36407         0.6964103         0.07116184
         14.42616         0.6486912         0.07764304
         14.48826         0.4919657         0.07256642
         14.55035         0.5603649         0.07098584
         14.61245         0.7114342         0.06359719
         14.67454         0.7275562         0.06079235
         14.73664         0.4957606         0.05204488
