\DATE= 'Mon Jul 29 18:37:50 2013'
\APERNAME= 'SL1'
\BUNIT= 'MJy/sr'
\CAL_SET= 'irs_2007_02_12-pb-pfc-trim-omeg-lhbiasfork.cal'
\SOFTWARE= 'CUBISM'
\SOFT_VER= 'v1.50 (June-2007)'
\FILENAME= 'm31_irc_3_sl_sl1_cube__fits__SL1_sp.tbl'
\ COMMENT This file contains a spectral extraction created from
\ COMMENT an IRS spectral mapping dataset.
\ Extraction Area:
\ # Poly: 00:40:36.763,+41:01:57.42 ; 00:40:34.790,+41:01:35.26
\ #       00:40:37.900,+41:00:59.82 ; 00:40:39.872,+41:01:21.97
|   WAVELENGTH    |      FLUX       | FLUX_UNCERTAINTY |
|      real       |      real       |       real       |
|       um        |     MJy/sr      |      MJy/sr      |
         7.533706          2.106984          0.3606476
         7.595799          3.154795          0.3182968
         7.657894          2.471645          0.3352206
         7.719988         0.5521978          0.2942812
         7.782082          1.577408          0.2621963
         7.844176         0.8295420          0.2457697
         7.906271         0.5832110          0.2467092
         7.968365         0.6894919          0.2204331
         8.030458         0.1112260          0.2271443
         8.092554         0.2880168          0.2278503
         8.154648         0.9797770          0.2058967
         8.216742         0.9883661          0.2072431
         8.278836          1.161375          0.2333158
         8.340930          1.541537          0.2211184
         8.403025         0.1404521          0.2105793
         8.465118         0.4250866          0.2425005
         8.527213         0.3675836          0.2313542
         8.589307         0.7321996          0.2397659
         8.651402          1.480311          0.2254647
         8.713495         0.2157059          0.2183161
         8.775590        0.03582248          0.1984439
         8.837685         0.1623088          0.1855763
         8.899778         0.5661311          0.1748893
         8.961872         0.7371216          0.1741439
         9.023967        0.07935330          0.1693860
         9.086061        -0.1454466          0.1633555
         9.148155        -0.1582980          0.1686623
         9.210249        -0.4475268          0.1537672
         9.272344        -0.4557159          0.1590140
         9.334438       0.008851178          0.1477944
         9.396532         0.2945305          0.1548706
         9.458626         0.3574364          0.1570596
         9.520720         0.1964762          0.1481850
         9.582815        -0.2401006          0.1592123
         9.644909         0.1706609          0.1496378
         9.707003         0.3379765          0.1534244
         9.769097         0.3750018          0.1522023
         9.831192         0.3869756          0.1507384
         9.893286        0.08069061          0.1604892
         9.955380         0.4976294          0.1684114
         10.01747         0.2445293          0.1639191
         10.07957        0.06647652          0.1803152
         10.14166        0.06489459          0.1767808
         10.20376       -0.09617630          0.1698311
         10.26585       -0.01918644          0.1616232
         10.32795        -0.8367729          0.1605645
         10.39004        -0.4008568          0.1689235
         10.45213       -0.05046848          0.1483229
         10.51423         0.1343127          0.1462418
         10.57632        -0.4160185          0.1435334
         10.63842         0.3022668          0.1493397
         10.70051         0.6327866          0.1300356
         10.76260       -0.01501069          0.1372680
         10.82470        -0.3594895          0.1334713
         10.88679        -0.1423919          0.1386756
         10.94889         0.9538971          0.1325870
         11.01098         0.2686971          0.1431121
         11.07308         0.5996277          0.1479340
         11.13517          1.275876          0.1624930
         11.19726          2.086983          0.1442540
         11.25936          2.409664          0.1585317
         11.32145          1.825276          0.1648764
         11.38355          1.064299          0.1639618
         11.44564         0.7346823          0.1921486
         11.50774         0.4179705          0.1806410
         11.56983        0.07572550          0.1989740
         11.63192        -0.7132405          0.1967655
         11.69402       -0.08821565          0.1914021
         11.75611         0.2097507          0.1733642
         11.81821         0.3869381          0.1756026
         11.88030         0.4537818          0.1704447
         11.94240         0.4136741          0.1451389
         12.00449         0.8308518          0.1521519
         12.06658         0.7934885          0.1483531
         12.12868         0.7401929          0.1493710
         12.19077         0.7237164          0.1428474
         12.25287         0.6148162          0.1494755
         12.31496         0.6115168          0.1421656
         12.37705         0.2620698          0.1407531
         12.43915         0.4849489          0.1391541
         12.50124         0.5622666          0.1474762
         12.56334          1.123249          0.1448419
         12.62543          1.351141          0.1499330
         12.68753         0.5886509          0.1640655
         12.74962         0.9275672          0.1610093
         12.81171         0.9335955          0.1659243
         12.87381         0.9213198          0.1704155
         12.93590         0.6330416          0.1742454
         12.99800         0.9145555          0.1866770
         13.06009         0.7798120          0.1844388
         13.12218         0.7605393          0.1954947
         13.18428         0.5623879          0.1795218
         13.24637         0.1654624          0.1849948
         13.30847         0.2729834          0.1640915
         13.37056         0.3894549          0.1655383
         13.43266         0.2437223          0.1571586
         13.49475         0.3786466          0.1609059
         13.55684       -0.07112131          0.1518409
         13.61894         0.9618897          0.1514201
         13.68103         0.4438783          0.1531149
         13.74313         0.1454620          0.1667871
         13.80522         0.4786723          0.1612173
         13.86732         0.8388120          0.1610124
         13.92941         0.2063426          0.1630024
         13.99150         0.1192085          0.1693771
         14.05360         0.1107243          0.1908039
         14.11569         0.2164590          0.2044334
         14.17779         0.4607399          0.2117588
         14.23988         0.6838064          0.2218829
         14.30198         0.1398853          0.2256053
         14.36407     -0.0004086380          0.2269165
         14.42616         0.7607908          0.2339958
         14.48826         0.7335460          0.2284674
         14.55035      -0.005791450          0.2280251
         14.61245         0.2574035          0.2190074
         14.67454         0.5340875          0.2039378
         14.73664        0.03124342          0.1802738
