\DATE= 'Mon Aug 19 17:37:21 2013'
\APERNAME= 'SL1'
\BUNIT= 'MJy/sr'
\CAL_SET= 'irs_2007_02_12-pb-pfc-trim-omeg-lhbiasfork.cal'
\SOFTWARE= 'CUBISM'
\SOFT_VER= 'v1.50 (June-2007)'
\FILENAME= 'm31_irc_6_sl_sl1_cube__fits__SL1_sp.tbl'
\ COMMENT This file contains a spectral extraction created from
\ COMMENT an IRS spectral mapping dataset.
\ Extraction Area:
\ # Poly: 00:43:35.131,+41:23:43.07 ; 00:43:33.129,+41:23:21.13
\ #       00:43:36.226,+41:22:45.35 ; 00:43:38.228,+41:23:07.29
|   WAVELENGTH    |      FLUX       | FLUX_UNCERTAINTY |
|      real       |      real       |       real       |
|       um        |     MJy/sr      |      MJy/sr      |
         7.533706         0.9681632         0.08756903
         7.595799         0.7783462         0.07811245
         7.657894         0.8937618         0.07698175
         7.719988         0.7752583         0.06821321
         7.782082         0.7583137         0.05942353
         7.844176         0.6791938         0.05698907
         7.906271         0.5914953         0.05951658
         7.968365         0.6077598         0.05869839
         8.030458         0.4440726         0.05670203
         8.092554         0.5226067         0.05345055
         8.154648         0.4853288         0.05410386
         8.216742         0.6351673         0.05314047
         8.278836         0.5856820         0.05532452
         8.340930         0.5548644         0.05531080
         8.403025         0.7051221         0.05522603
         8.465118         0.7090435         0.05712643
         8.527213         0.6555600         0.05722849
         8.589307         0.6401770         0.05933864
         8.651402         0.5531421         0.05770720
         8.713495         0.5282170         0.05226272
         8.775590         0.5848029         0.05084481
         8.837685         0.5476060         0.04767757
         8.899778         0.3826545         0.04509889
         8.961872         0.4723722         0.04560063
         9.023967         0.5238158         0.04361433
         9.086061         0.5251086         0.04158103
         9.148155         0.4195778         0.03995563
         9.210249         0.4688557         0.03876589
         9.272344         0.5109763         0.06737301
         9.334438         0.4765578          0.1119706
         9.396532         0.4103295         0.06255601
         9.458626         0.4644599         0.05021454
         9.520720         0.4633702         0.03905462
         9.582815         0.3880133         0.03785100
         9.644909         0.7234608         0.03598006
         9.707003         0.6725249         0.03895253
         9.769097         0.4282022         0.04224369
         9.831192         0.4007120         0.04256194
         9.893286         0.4277445         0.04095510
         9.955380         0.3867985         0.05775775
         10.01747         0.4216754         0.07598098
         10.07957         0.4053887         0.04541159
         10.14166         0.3904842         0.06604009
         10.20376         0.4588650         0.06351849
         10.26585         0.4289918         0.07310263
         10.32795         0.4497651         0.03971195
         10.39004         0.3731045         0.03835711
         10.45213         0.4215010         0.04099158
         10.51423         0.4687704         0.03779634
         10.57632         0.4686267         0.03680197
         10.63842         0.4790871         0.03487979
         10.70051         0.4837580         0.03538735
         10.76260         0.6051580         0.03448262
         10.82470         0.5784925         0.03319950
         10.88679         0.4990405         0.03713219
         10.94889         0.4023792         0.03507450
         11.01098         0.4724658         0.03805923
         11.07308         0.5892186         0.04238810
         11.13517         0.8565572         0.03842190
         11.19726          1.354676         0.04075867
         11.25936          1.568071         0.04081139
         11.32145          1.173041         0.04986728
         11.38355         0.9266862         0.04607781
         11.44564         0.9534700         0.04692161
         11.50774         0.8115011         0.05013534
         11.56983         0.7065159         0.05248924
         11.63192         0.5867323         0.05280506
         11.69402         0.5483317         0.04840079
         11.75611         0.4963229         0.04940487
         11.81821         0.5386006         0.04616343
         11.88030         0.5282339         0.04516284
         11.94240         0.5640346         0.05196912
         12.00449         0.5733502         0.04206840
         12.06658         0.4959183         0.04270558
         12.12868         0.5497655         0.04075013
         12.19077         0.6197444         0.04189456
         12.25287         0.6954829         0.04153774
         12.31496         0.7727923         0.04062817
         12.37705         0.6280886         0.04366324
         12.43915         0.6533171         0.06727087
         12.50124         0.6844100          0.1228675
         12.56334         0.6867539         0.04779427
         12.62543         0.6612684         0.04338839
         12.68753         0.6771649         0.04767653
         12.74962         0.6991896         0.06666110
         12.81171         0.6470685         0.04780269
         12.87381         0.4214663         0.05331497
         12.93590         0.5334386         0.05584887
         12.99800         0.4091365         0.05977995
         13.06009         0.4703999         0.06084656
         13.12218         0.5159418         0.06067793
         13.18428         0.3606970         0.05678327
         13.24637         0.3985655         0.05810760
         13.30847         0.4362296         0.05621903
         13.37056         0.3041179         0.05284065
         13.43266         0.4405034         0.05028863
         13.49475         0.3788843         0.05071485
         13.55684         0.3146391         0.04729101
         13.61894         0.4817761         0.04635358
         13.68103         0.3843923         0.04829568
         13.74313         0.1690350         0.06696136
         13.80522         0.1454040         0.05034193
         13.86732         0.2139092         0.05714679
         13.92941         0.3902595         0.05261020
         13.99150         0.3024117         0.05654435
         14.05360         0.3247352         0.05877126
         14.11569         0.2775404         0.06418934
         14.17779         0.4318880         0.09232417
         14.23988         0.4906939          0.1279102
         14.30198         0.4896867         0.07116646
         14.36407         0.3992203         0.07073193
         14.42616         0.3365403         0.07734001
         14.48826         0.2997138         0.07212122
         14.55035         0.3510256         0.07277349
         14.61245         0.3892558          0.1313238
         14.67454         0.5877855         0.07847628
         14.73664         0.2990702         0.05284369
