\DATE= 'Mon Aug 19 17:33:09 2013'
\APERNAME= 'SL1'
\BUNIT= 'MJy/sr'
\CAL_SET= 'irs_2007_02_12-pb-pfc-trim-omeg-lhbiasfork.cal'
\SOFTWARE= 'CUBISM'
\SOFT_VER= 'v1.50 (June-2007)'
\FILENAME= 'm31_irc_4_sl_sl1_cube__fits__SL1_sp.tbl'
\ COMMENT This file contains a spectral extraction created from
\ COMMENT an IRS spectral mapping dataset.
\ Extraction Area:
\ # Poly: 00:41:17.252,+41:07:37.81 ; 00:41:15.276,+41:07:15.66
\ #       00:41:18.389,+41:06:40.20 ; 00:41:20.365,+41:07:02.35
|   WAVELENGTH    |      FLUX       | FLUX_UNCERTAINTY |
|      real       |      real       |       real       |
|       um        |     MJy/sr      |      MJy/sr      |
         7.533706          1.305068         0.08592288
         7.595799          1.374806         0.07815004
         7.657894          1.520164         0.07612194
         7.719988          1.300905         0.06582820
         7.782082          1.257195         0.05992599
         7.844176          1.259665         0.05704545
         7.906271         0.9995615         0.05906954
         7.968365         0.9409885         0.05781076
         8.030458         0.7961298         0.05742180
         8.092554         0.7257108         0.05851244
         8.154648         0.6224084         0.05366348
         8.216742         0.8058687         0.05447303
         8.278836         0.7381615         0.05303797
         8.340930         0.7843336         0.05260574
         8.403025         0.9102674         0.05502755
         8.465118         0.8985455         0.06021803
         8.527213         0.8731431         0.05751094
         8.589307         0.9769953         0.06145229
         8.651402         0.7898108         0.05651036
         8.713495         0.8334688         0.05286336
         8.775590         0.7227545         0.05071326
         8.837685         0.5451677         0.04652098
         8.899778         0.3669449         0.04390354
         8.961872         0.4216501         0.04570358
         9.023967         0.3961584         0.04401737
         9.086061         0.4002381         0.04083930
         9.148155         0.3160061         0.04056523
         9.210249         0.2865702         0.03883713
         9.272344         0.3924659         0.03792949
         9.334438         0.3603363         0.03923313
         9.396532         0.2877752         0.04076525
         9.458626         0.3603900         0.04185029
         9.520720         0.3752604         0.03679545
         9.582815         0.2740378         0.03713502
         9.644909         0.4140654         0.03518289
         9.707003         0.4887914         0.03764958
         9.769097         0.3578753         0.03980138
         9.831192         0.2667519         0.04029731
         9.893286         0.3265512         0.04066923
         9.955380         0.3414586         0.04305203
         10.01747         0.3169469         0.04324859
         10.07957         0.2710545         0.04598193
         10.14166         0.2868952         0.04652997
         10.20376         0.3379834         0.04142461
         10.26585         0.3000910         0.03940176
         10.32795         0.2577426         0.03979595
         10.39004         0.2983693         0.03837899
         10.45213         0.3453004         0.03944741
         10.51423         0.3624562         0.03886103
         10.57632         0.4093241         0.03536996
         10.63842         0.3836972         0.03717338
         10.70051         0.4445986         0.03574915
         10.76260         0.6359903         0.03370717
         10.82470         0.6095306         0.03478733
         10.88679         0.4852127         0.03605419
         10.94889         0.5669061         0.04201052
         11.01098         0.6435009         0.03623198
         11.07308         0.9195477         0.03822425
         11.13517          1.520799         0.03747392
         11.19726          2.315268         0.03952251
         11.25936          2.409061         0.04263738
         11.32145          1.814249         0.04930552
         11.38355          1.311959         0.04400570
         11.44564          1.242079         0.04668236
         11.50774         0.9761368         0.04865335
         11.56983         0.8896149         0.05399468
         11.63192         0.6266689         0.05174297
         11.69402         0.6157873         0.04972663
         11.75611         0.4837226         0.04715887
         11.81821         0.6208419         0.04420161
         11.88030         0.5937651         0.04255974
         11.94240         0.6675185         0.04255168
         12.00449         0.7768101         0.04334811
         12.06658         0.6462583         0.04076590
         12.12868         0.7380605         0.04123153
         12.19077         0.7751215         0.04191060
         12.25287         0.7223092         0.04075230
         12.31496         0.8208699         0.04050094
         12.37705         0.8432382         0.04149679
         12.43915         0.8528475         0.04286138
         12.50124         0.9192669         0.04387834
         12.56334         0.9820754         0.04376511
         12.62543          1.022298         0.04232612
         12.68753          1.040168         0.04447541
         12.74962          1.043150         0.04678462
         12.81171         0.7565979         0.04801898
         12.87381         0.6069934         0.05357002
         12.93590         0.6431738         0.05493835
         12.99800         0.5031514         0.05861291
         13.06009         0.5172801         0.05698132
         13.12218         0.5891719         0.05929233
         13.18428         0.4525633         0.05549796
         13.24637         0.5751756         0.05579858
         13.30847         0.4825271         0.05241952
         13.37056         0.3341031         0.05153021
         13.43266         0.6065625         0.05003119
         13.49475         0.4264373         0.05054777
         13.55684         0.4534050         0.04663359
         13.61894         0.6074651         0.04596857
         13.68103         0.5095268         0.04756527
         13.74313         0.3773894         0.04974551
         13.80522         0.2739930         0.05015719
         13.86732         0.3940824         0.05560229
         13.92941         0.4657715         0.05181212
         13.99150         0.3468131         0.06011488
         14.05360         0.2848271         0.05770582
         14.11569         0.2934817         0.06332780
         14.17779         0.5722990         0.06785017
         14.23988         0.5691348         0.06823813
         14.30198         0.6299494         0.06929592
         14.36407         0.4711304         0.06839953
         14.42616         0.5113549         0.07888056
         14.48826         0.4056060         0.07174128
         14.55035         0.4227866         0.07119277
         14.61245         0.4697058         0.06865508
         14.67454         0.4712634         0.06106018
         14.73664         0.3124542         0.05188217
