\DATE= 'Fri Aug 30 15:50:24 2013'
\APERNAME= 'LL2'
\BUNIT= 'MJy/sr'
\CAL_SET= 'irs_2007_02_12-pb-pfc-trim-omeg-lhbiasfork.cal'
\SOFTWARE= 'CUBISM'
\SOFT_VER= 'v1.50 (June-2007)'
\FILENAME= 'm31_irc_1_ll_ll2_cube__fits__LL2_sp.tbl'
\ COMMENT This file contains a spectral extraction created from
\ COMMENT an IRS spectral mapping dataset.
\ Extraction Area:
\ # Poly: 00:41:29.935,+40:43:34.53 ; 00:41:27.958,+40:43:12.53
\ #       00:41:30.918,+40:42:38.16 ; 00:41:32.895,+40:43:00.16
|   WAVELENGTH    |      FLUX       | FLUX_UNCERTAINTY |
|      real       |      real       |       real       |
|       um        |     MJy/sr      |      MJy/sr      |
         14.26661         0.6906743         0.02962578
         14.35830         0.7860317         0.03053950
         14.45000         0.7368886         0.03317222
         14.54169         0.6802775         0.03345748
         14.63338         0.4918461         0.03003643
         14.72508         0.6188257         0.03185267
         14.81677         0.6491200         0.03369626
         14.90846         0.5923439         0.03110143
         15.00015         0.5905517         0.02760012
         15.09185         0.6568998         0.02723227
         15.18354         0.7077591         0.03233592
         15.27523         0.7002470         0.02860717
         15.36693         0.6060954         0.02780361
         15.45862         0.4783026         0.02495610
         15.55031         0.6841321         0.02638777
         15.64200         0.6128817         0.02645675
         15.73370         0.7531326         0.02707777
         15.82539         0.7801644         0.03933924
         15.91708         0.7600756         0.08187109
         16.00878         0.6658781         0.03368373
         16.10047         0.7681091         0.03248328
         16.19216         0.8860815         0.03438094
         16.28386          1.066228         0.03553469
         16.37555          1.445379         0.03946047
         16.46724          1.599761         0.03448028
         16.55893          1.093123         0.03540661
         16.65063          1.095051         0.08894506
         16.74232          1.231613         0.08407912
         16.83401          1.151268         0.04450529
         16.92570          1.997183         0.03353887
         17.01740          2.513904         0.03203150
         17.10909          1.795486         0.03153291
         17.20078          1.347978         0.03160726
         17.29248          1.551178         0.03558365
         17.38417          1.415120         0.03197134
         17.47586          1.115457         0.03110843
         17.56756         0.9697827         0.02985515
         17.65925          1.040457         0.03186350
         17.75094          1.013014         0.03012336
         17.84263         0.8705106         0.03164341
         17.93433         0.7915448         0.04323902
         18.02602         0.7655954         0.03215850
         18.11771         0.8030613         0.03481255
         18.20941         0.6342880         0.03381280
         18.30110         0.6706920         0.03591394
         18.39279         0.6967953         0.03437502
         18.48449         0.8765975         0.03076667
         18.57618         0.7438471         0.05002607
         18.66787         0.9080846         0.03501135
         18.75956         0.7589353         0.03683774
         18.85126         0.7455569         0.03832416
         18.94295         0.8341900         0.03977620
         19.03464         0.5958914         0.04065359
         19.12634         0.7269710         0.07309506
         19.21803         0.5179358         0.04900728
         19.30972         0.7819093         0.04898410
         19.40141         0.6368656         0.05365270
         19.49311         0.7748581         0.07846054
         19.58480         0.7983697         0.05613958
         19.67649         0.7440926         0.05564130
         19.76819         0.6907628         0.05848074
         19.85988         0.5733385         0.05366860
         19.95157         0.7618258         0.04681965
         20.04326         0.7155434         0.04948518
         20.13496         0.5120119         0.04802415
         20.22665         0.5353605         0.05640978
         20.31834         0.8472871         0.04959335
         20.41004         0.6349221         0.04751237
         20.50173         0.5586296         0.05989588
         20.59342         0.6574606         0.04806451
         20.68512         0.7360805         0.05268194
         20.77681         0.6668292         0.06068054
         20.86850         0.8582771         0.06405059
         20.96019         0.5844204         0.07408252
         21.05189         0.4596666         0.07290002
