\DATE= 'Mon Aug 19 21:30:35 2013'
\APERNAME= 'SL1'
\BUNIT= 'MJy/sr'
\CAL_SET= 'irs_2007_02_12-pb-pfc-trim-omeg-lhbiasfork.cal'
\SOFTWARE= 'CUBISM'
\SOFT_VER= 'v1.50 (June-2007)'
\FILENAME= 'm31_irc_8_sl_sl1_cube__fits__SL1_sp.tbl'
\ COMMENT This file contains a spectral extraction created from
\ COMMENT an IRS spectral mapping dataset.
\ Extraction Area:
\ # Poly: 00:42:20.998,+41:07:45.44 ; 00:42:19.016,+41:07:23.36
\ #       00:42:22.119,+41:06:47.79 ; 00:42:24.101,+41:07:09.87
|   WAVELENGTH    |      FLUX       | FLUX_UNCERTAINTY |
|      real       |      real       |       real       |
|       um        |     MJy/sr      |      MJy/sr      |
         7.533706         0.5465121         0.08422304
         7.595799         0.4579959         0.07818221
         7.657894         0.6616005         0.07729851
         7.719988         0.4762932         0.06596006
         7.782082         0.5624045         0.05825698
         7.844176         0.6337413         0.05776786
         7.906271         0.4593575         0.06034040
         7.968365         0.4859109         0.05937118
         8.030458         0.4288228         0.05588435
         8.092554         0.5021765         0.05370446
         8.154648         0.3956783         0.05258258
         8.216742         0.5108642         0.05417897
         8.278836         0.5474848         0.05476417
         8.340930         0.4475780         0.05345819
         8.403025         0.5893839         0.06744561
         8.465118         0.5220675         0.05829264
         8.527213         0.5454758         0.05775673
         8.589307         0.5984088         0.06057024
         8.651402         0.4460616         0.05961987
         8.713495         0.4601855         0.05299752
         8.775590         0.4654855         0.05244758
         8.837685         0.3577396         0.04654112
         8.899778         0.3191275         0.04395712
         8.961872         0.4310223         0.04438825
         9.023967         0.4450914         0.04422358
         9.086061         0.4810476         0.04047972
         9.148155         0.3600263         0.03901349
         9.210249         0.3776829         0.03789898
         9.272344         0.3588420         0.03881773
         9.334438         0.4467847         0.04047921
         9.396532         0.4045477         0.04151287
         9.458626         0.4324840         0.03853853
         9.520720         0.3974273         0.03753510
         9.582815         0.3248437         0.03714889
         9.644909         0.4698811         0.03598534
         9.707003         0.5492586         0.03940063
         9.769097         0.4511526         0.04036943
         9.831192         0.3731074         0.04017706
         9.893286         0.3156518         0.04037710
         9.955380         0.3671301         0.04745519
         10.01747         0.4210708         0.04232181
         10.07957         0.4034508         0.04668012
         10.14166         0.3699307         0.04191364
         10.20376         0.4147295         0.04070460
         10.26585         0.3712775         0.03940026
         10.32795         0.3206345         0.03886029
         10.39004         0.3254625         0.03848941
         10.45213         0.3330036         0.04103468
         10.51423         0.3650208         0.03772596
         10.57632         0.3965942         0.03583831
         10.63842         0.4232391         0.05925071
         10.70051         0.4003881         0.04239319
         10.76260         0.5408055         0.03400668
         10.82470         0.5294235         0.03796075
         10.88679         0.4425299         0.03978871
         10.94889         0.2819983         0.04030294
         11.01098         0.2596860         0.04121258
         11.07308         0.3920701         0.03913086
         11.13517         0.5099532         0.03915366
         11.19726         0.7225837         0.04587051
         11.25936         0.8666182         0.04209302
         11.32145         0.6804749         0.04597517
         11.38355         0.5198396         0.04408296
         11.44564         0.5658466         0.04534468
         11.50774         0.3809402         0.04787307
         11.56983         0.4207742         0.05205926
         11.63192         0.3333111         0.05047971
         11.69402         0.3345534         0.04946801
         11.75611         0.2085619         0.04777029
         11.81821         0.3024669         0.04433800
         11.88030         0.2698695         0.04310695
         11.94240         0.2975506         0.04158360
         12.00449         0.3506916         0.04818008
         12.06658         0.3280727         0.04143530
         12.12868         0.3190262         0.04302120
         12.19077         0.4311636         0.04128196
         12.25287         0.3603214         0.04037647
         12.31496         0.4729206         0.04043440
         12.37705         0.4094894         0.04130239
         12.43915         0.3784300         0.04290708
         12.50124         0.3669330         0.04674326
         12.56334         0.3318015         0.04386941
         12.62543         0.3470536         0.04375828
         12.68753         0.3455464         0.04406265
         12.74962         0.3271701         0.04620625
         12.81171         0.2246190         0.04719842
         12.87381         0.1664029         0.05002463
         12.93590         0.2499366         0.05381204
         12.99800         0.2293345         0.05809077
         13.06009         0.2481508         0.05736743
         13.12218         0.2982258         0.05930999
         13.18428         0.1887029         0.05677267
         13.24637         0.2780156         0.05507744
         13.30847         0.3116738         0.05199009
         13.37056         0.2142806         0.05319117
         13.43266         0.3191184         0.05124833
         13.49475         0.2036543         0.04905635
         13.55684         0.2336762         0.04642502
         13.61894         0.3086570         0.04672086
         13.68103         0.2490746         0.04828951
         13.74313         0.1987624         0.04883676
         13.80522        0.04956551         0.04834076
         13.86732         0.1213589         0.05077357
         13.92941         0.3024787         0.05244309
         13.99150         0.2892074         0.05714382
         14.05360         0.1865122         0.05755784
         14.11569         0.2996217         0.06246809
         14.17779         0.2044409         0.06484973
         14.23988         0.3517683         0.06863596
         14.30198         0.4414323         0.07382569
         14.36407         0.3155621         0.06799167
         14.42616         0.2420259         0.07475791
         14.48826         0.2423513         0.07004755
         14.55035         0.1915040         0.07107285
         14.61245         0.3939697         0.06781659
         14.67454         0.4231532         0.05945413
         14.73664         0.2192383         0.05451963
