\DATE= 'Thu Jul 25 18:41:26 2013'
\APERNAME= 'LL2'
\BUNIT= 'MJy/sr'
\CAL_SET= 'irs_2007_02_12-pb-pfc-trim-omeg-lhbiasfork.cal'
\SOFTWARE= 'CUBISM'
\SOFT_VER= 'v1.50 (June-2007)'
\FILENAME= 'm31_irc_2_ll_ll2_cube__fits__LL2_sp.tbl'
\ COMMENT This file contains a spectral extraction created from
\ COMMENT an IRS spectral mapping dataset.
\ Extraction Area:
\ # Poly: 00:45:22.392,+41:39:19.89 ; 00:45:20.367,+41:38:58.12
\ #       00:45:23.338,+41:38:23.40 ; 00:45:25.363,+41:38:45.17
|   WAVELENGTH    |      FLUX       | FLUX_UNCERTAINTY |
|      real       |      real       |       real       |
|       um        |     MJy/sr      |      MJy/sr      |
         14.26661         0.5400921         0.03239071
         14.35830         0.6817043         0.04021740
         14.45000         0.6225508         0.03616902
         14.54169         0.5273258         0.03001150
         14.63338         0.3580615         0.03041657
         14.72508         0.4422741         0.03101170
         14.81677         0.5889899         0.03422486
         14.90846         0.4538564         0.03191346
         15.00015         0.4857523         0.02703540
         15.09185         0.4864265         0.02791686
         15.18354         0.5445693         0.03177205
         15.27523         0.5365739         0.03562405
         15.36693         0.5289451         0.02733575
         15.45862         0.4340736         0.03651725
         15.55031         0.5363597         0.02663399
         15.64200         0.4516256         0.02625697
         15.73370         0.5876905         0.02674601
         15.82539         0.6425828         0.02737404
         15.91708         0.6136706         0.03301272
         16.00878         0.5788435         0.03244878
         16.10047         0.6051742         0.03242485
         16.19216         0.6756342         0.03292629
         16.28386         0.8117014         0.03778968
         16.37555          1.390338         0.04215475
         16.46724          1.465479         0.03454566
         16.55893          1.106342         0.03416704
         16.65063         0.8622373         0.03047841
         16.74232          1.075775         0.03506701
         16.83401         0.8991528         0.03447508
         16.92570          1.233734         0.03240732
         17.01740          1.399986         0.03024623
         17.10909          1.305147         0.02901533
         17.20078          1.168953         0.03102039
         17.29248          1.254071         0.03943048
         17.38417          1.246477         0.03061366
         17.47586         0.8761666         0.03484454
         17.56756         0.8299533         0.02823636
         17.65925         0.7993854         0.03405715
         17.75094         0.8417856         0.04095708
         17.84263         0.7432820         0.08239005
         17.93433         0.6796019         0.04335728
         18.02602         0.5590336         0.03133146
         18.11771         0.5786356         0.02957155
         18.20941         0.5424550         0.03153281
         18.30110         0.4978879         0.03713094
         18.39279         0.5943746         0.03763192
         18.48449         0.7055815         0.03222711
         18.57618         0.5429964         0.03464920
         18.66787         0.6744991         0.03796779
         18.75956         0.6161888         0.04038098
         18.85126         0.5638148         0.08053953
         18.94295         0.7062136         0.04457267
         19.03464         0.6906134         0.04839266
         19.12634         0.5560188         0.04889316
         19.21803         0.5104448         0.04936728
         19.30972         0.6067485         0.04655912
         19.40141         0.4321065         0.04818666
         19.49311         0.5098015         0.07504795
         19.58480         0.6880465         0.05144193
         19.67649         0.5988584         0.04963551
         19.76819         0.4923587         0.05307221
         19.85988         0.4277281         0.05365605
         19.95157         0.6176966         0.05138893
         20.04326         0.5272237         0.05068262
         20.13496         0.4654267         0.04829364
         20.22665         0.3837744         0.05335642
         20.31834         0.5030834         0.04965958
         20.41004         0.4500493         0.04795176
         20.50173         0.4350294         0.05654928
         20.59342         0.4135855         0.04789589
         20.68512         0.6647490         0.05357834
         20.77681         0.4651083         0.05787942
         20.86850         0.5512947         0.07122858
         20.96019         0.5810441          0.1681839
         21.05189         0.4988917         0.06340016
