\DATE= 'Tue Aug 20 15:38:28 2013'
\APERNAME= 'SL2'
\BUNIT= 'MJy/sr'
\CAL_SET= 'irs_2007_02_12-pb-pfc-trim-omeg-lhbiasfork.cal'
\SOFTWARE= 'CUBISM'
\SOFT_VER= 'v1.50 (June-2007)'
\FILENAME= 'm31_isocvf_sl_sl2_cube__fits__SL2_sp.tbl'
\ COMMENT This file contains a spectral extraction created from
\ COMMENT an IRS spectral mapping dataset.
\ Extraction Area:
\ # Poly: 00:40:59.401,+40:36:48.32 ; 00:40:57.436,+40:36:26.23
\ #       00:41:00.517,+40:35:50.68 ; 00:41:02.483,+40:36:12.77
|   WAVELENGTH    |      FLUX       | FLUX_UNCERTAINTY |
|      real       |      real       |       real       |
|       um        |     MJy/sr      |      MJy/sr      |
         5.242817         0.3513265          0.4529857
         5.273802         -1.464736          0.5055729
         5.304788         -1.154308          0.4482327
         5.335773          1.023468          0.4015822
         5.366758        -0.5446628          0.3725227
         5.397744         -1.559342          0.3585306
         5.428729         -1.311241          0.3379453
         5.459714        -0.3718189          0.2955506
         5.490700        -0.4774367          0.2916234
         5.521685        -0.1085844          0.2630266
         5.552670         0.1935284          0.2726059
         5.583656        -0.4045895          0.2688917
         5.614641         -1.316609          0.2748390
         5.645627         0.1946054          0.2547658
         5.676612        -0.2820018          0.2667790
         5.707598        -0.5221925          0.2651542
         5.738583        -0.4454403          0.2658983
         5.769568         -1.300198          0.2723803
         5.800553        -0.2376911          0.2815224
         5.831539        -0.2875021          0.3043676
         5.862525        0.08894393          0.3020123
         5.893510        -0.1233288          0.3330565
         5.924495         0.6308279          0.3443089
         5.955481        0.05656743          0.3793324
         5.986466       -0.04277163          0.3592764
         6.017451          1.085468          0.3489203
         6.048437         0.8008215          0.3259584
         6.079422          1.918702          0.3025225
         6.110407          1.325851          0.2662560
         6.141393         0.7193971          0.2722233
         6.172378          2.036318          0.2688346
         6.203363          2.215239          0.2736780
         6.234349          1.793474          0.2314940
         6.265334          1.286391          0.2406209
         6.296319          1.446908          0.2362896
         6.327305          1.010673          0.2469119
         6.358290         0.7645539          0.2463666
         6.389276         0.7237672          0.2521726
         6.420261         0.4003125          0.2390779
         6.451246        -0.1510580          0.2543002
         6.482232          1.285856          0.2601113
         6.513217          1.171269          0.2748921
         6.544202         0.7217248          0.3119904
         6.575188         0.5873736          0.3509203
         6.606173        0.01811155          0.3553129
         6.637158          1.082299          0.3635603
         6.668144          1.544622          0.3483210
         6.699129       -0.05692627          0.3631700
         6.730114        0.05544884          0.3455872
         6.761100         0.5678294          0.3315150
         6.792085          1.734728          0.3452159
         6.823071          1.568739          0.3377393
         6.854056         0.9831395          0.3282145
         6.885041         0.8411093          0.3187964
         6.916027         0.9121605          0.3269656
         6.947012          1.376598          0.3088977
         6.977998         0.9462541          0.3089930
         7.008983          1.492733          0.3237031
         7.039968          1.266645          0.3309523
         7.070954         0.6744050          0.3273517
         7.101939         0.4107399          0.3168220
         7.132924         0.7486483          0.3178297
         7.163910          1.445092          0.3276311
         7.194895          1.071471          0.3608344
         7.225881          1.771189          0.3745859
         7.256866         0.9871305          0.3907036
         7.287851          2.338264          0.4384256
         7.318837          2.155501          0.4602562
         7.349822          2.072114          0.4857190
         7.380807          2.467240          0.5046185
         7.411793          1.453243          0.5130718
         7.442778         0.9508668          0.5092304
         7.473763          1.396980          0.5047302
         7.504749          2.770410          0.4891375
         7.535734          4.089458          0.5035722
         7.566720          5.606973          0.5044673
         7.597705          1.970745          0.5884210
