\DATE= 'Mon Aug 19 21:13:21 2013'
\APERNAME= 'SL2'
\BUNIT= 'MJy/sr'
\CAL_SET= 'irs_2007_02_12-pb-pfc-trim-omeg-lhbiasfork.cal'
\SOFTWARE= 'CUBISM'
\SOFT_VER= 'v1.50 (June-2007)'
\FILENAME= 'm31_irc_5_sl_sl2_cube__fits__SL2_sp.tbl'
\ COMMENT This file contains a spectral extraction created from
\ COMMENT an IRS spectral mapping dataset.
\ Extraction Area:
\ # Poly: 00:43:38.980,+41:19:31.17 ; 00:43:36.982,+41:19:09.20
\ #       00:43:40.079,+41:18:33.46 ; 00:43:42.077,+41:18:55.42
|   WAVELENGTH    |      FLUX       | FLUX_UNCERTAINTY |
|      real       |      real       |       real       |
|       um        |     MJy/sr      |      MJy/sr      |
         5.242817         0.6697859          0.1163088
         5.273802         0.7746689          0.1255147
         5.304788         0.5376208          0.1124332
         5.335773         0.5542409         0.09806191
         5.366758         0.6001063         0.09544723
         5.397744         0.6738791         0.08924908
         5.428729         0.6851794         0.09129885
         5.459714         0.6898543         0.07391454
         5.490700         0.7631788         0.06881226
         5.521685         0.7255580         0.06802548
         5.552670         0.6636858         0.06684926
         5.583656         0.5647990         0.06569757
         5.614641         0.3486287         0.06804851
         5.645627         0.4972570         0.06553781
         5.676612         0.5262932         0.06434955
         5.707598         0.5276895         0.06651756
         5.738583         0.5068703         0.06450456
         5.769568         0.7215466         0.07140192
         5.800553         0.6283173         0.07659212
         5.831539         0.6712361         0.07721040
         5.862525         0.7135884         0.08453614
         5.893510         0.2230730         0.08794270
         5.924495         0.2096841         0.09185366
         5.955481         0.4359533         0.09587605
         5.986466         0.4194287         0.09605339
         6.017451         0.7361090         0.09083872
         6.048437         0.6404296         0.09012300
         6.079422         0.6873698         0.08777413
         6.110407         0.6308314         0.07899829
         6.141393         0.5860462         0.07783402
         6.172378         0.8134185         0.07531668
         6.203363         0.7096276         0.07471754
         6.234349         0.7969044         0.06842707
         6.265334         0.7519280         0.06696071
         6.296319         0.6871150         0.07589424
         6.327305         0.6511313         0.07674640
         6.358290         0.6147230         0.07737725
         6.389276         0.5687142         0.08014861
         6.420261         0.5184447         0.07968301
         6.451246         0.4972830         0.07288787
         6.482232         0.6559492         0.07511363
         6.513217         0.5370263         0.08876029
         6.544202         0.5476773         0.09733453
         6.575188         0.6256087          0.1030372
         6.606173         0.3049639          0.1084348
         6.637158         0.4197348          0.1094944
         6.668144         0.6520119          0.1132249
         6.699129         0.7048908          0.1057535
         6.730114         0.5014061          0.1020441
         6.761100         0.3840379          0.1040778
         6.792085         0.4301738          0.1027685
         6.823071         0.5833852         0.09993585
         6.854056         0.4618351         0.09992897
         6.885041         0.2126589          0.1006161
         6.916027         0.2856613         0.09918061
         6.947012         0.6564500         0.09499045
         6.977998         0.6552256         0.09680459
         7.008983         0.4769557          0.1022545
         7.039968         0.7275831          0.1031067
         7.070954         0.6593032          0.1019222
         7.101939         0.8640358          0.1016523
         7.132924         0.5913635          0.1008599
         7.163910         0.4933279          0.1004535
         7.194895         0.5880886          0.1075718
         7.225881         0.6400137          0.1208351
         7.256866         0.6878705          0.1378570
         7.287851         0.8716278          0.1422645
         7.318837         0.3478162          0.1477833
         7.349822         0.5474014          0.1536125
         7.380807         0.6531592          0.1622750
         7.411793         0.5829026          0.1575195
         7.442778         0.7077147          0.1549196
         7.473763          1.049926          0.1510768
         7.504749          1.076179          0.1511713
         7.535734          1.038000          0.1566743
         7.566720          1.317921          0.1533777
         7.597705          1.434844          0.1733616
