\DATE= 'Thu Jul 25 18:40:20 2013'
\APERNAME= 'SL2'
\BUNIT= 'MJy/sr'
\CAL_SET= 'irs_2007_02_12-pb-pfc-trim-omeg-lhbiasfork.cal'
\SOFTWARE= 'CUBISM'
\SOFT_VER= 'v1.50 (June-2007)'
\FILENAME= 'm31_irc_2_sl_sl2_cube__fits__SL2_sp.tbl'
\ COMMENT This file contains a spectral extraction created from
\ COMMENT an IRS spectral mapping dataset.
\ Extraction Area:
\ # Poly: 00:45:22.392,+41:39:19.89 ; 00:45:20.367,+41:38:58.12
\ #       00:45:23.338,+41:38:23.40 ; 00:45:25.363,+41:38:45.17
|   WAVELENGTH    |      FLUX       | FLUX_UNCERTAINTY |
|      real       |      real       |       real       |
|       um        |     MJy/sr      |      MJy/sr      |
         5.242817         0.1494826          0.1185808
         5.273802         0.2850004          0.1332061
         5.304788         0.3697161          0.1156380
         5.335773         0.3770832         0.09627345
         5.366758         0.1447984         0.09655818
         5.397744         0.2234766         0.09203252
         5.428729         0.2903631         0.08511262
         5.459714         0.3162276         0.07557269
         5.490700         0.2776996         0.07057577
         5.521685         0.3206337         0.06783056
         5.552670         0.4075795         0.06894947
         5.583656         0.2759610         0.06873075
         5.614641        0.07713787         0.06895107
         5.645627         0.2614485         0.06779779
         5.676612         0.4138217         0.06429144
         5.707598         0.3565334         0.06694718
         5.738583         0.1441922         0.06672438
         5.769568         0.3543104         0.07165485
         5.800553         0.4382538         0.07922293
         5.831539         0.3956403         0.07957668
         5.862525         0.6085427         0.08656322
         5.893510         0.1966754         0.09217094
         5.924495         0.3276500          0.1000348
         5.955481         0.4299293         0.09868071
         5.986466         0.3120131         0.09788246
         6.017451         0.6266900         0.09735723
         6.048437         0.5457900         0.09078168
         6.079422         0.4757072         0.08585449
         6.110407         0.5460219         0.07875098
         6.141393         0.8468007         0.07707553
         6.172378          1.426287         0.07441484
         6.203363          1.591354         0.07841761
         6.234349          1.576619         0.07249371
         6.265334          1.212212         0.06793883
         6.296319         0.9373225         0.07317534
         6.327305         0.8202589         0.08021997
         6.358290         0.9158288         0.07707859
         6.389276         0.8266228         0.08737815
         6.420261         0.7106786         0.07774962
         6.451246         0.7186184         0.07460708
         6.482232         0.6643089         0.07898657
         6.513217         0.5301672         0.08607153
         6.544202         0.4821683         0.09638409
         6.575188         0.6398636          0.1060358
         6.606173         0.4225068          0.1108519
         6.637158         0.5174205          0.1129563
         6.668144         0.6129095          0.1162950
         6.699129         0.6768776          0.1101468
         6.730114         0.6958766          0.1086492
         6.761100         0.4730773          0.1094527
         6.792085         0.5457582          0.1085908
         6.823071         0.6588328          0.1043103
         6.854056         0.5673568          0.1012354
         6.885041         0.5116419          0.1019910
         6.916027         0.5545540          0.1008866
         6.947012         0.8297027         0.09828477
         6.977998         0.7821720         0.09936972
         7.008983         0.5121256          0.1034031
         7.039968         0.6811008          0.1050080
         7.070954         0.7897491          0.1076999
         7.101939         0.9365621         0.09894132
         7.132924         0.8951951          0.1018200
         7.163910         0.8219108          0.1028629
         7.194895         0.8196599          0.1076496
         7.225881         0.9719192          0.1190648
         7.256866          1.198996          0.1362092
         7.287851          1.335146          0.1427817
         7.318837         0.9498225          0.1429716
         7.349822          1.374006          0.1602855
         7.380807          1.507159          0.1626526
         7.411793          1.406092          0.1589759
         7.442778          1.673041          0.1556254
         7.473763          2.039495          0.1508295
         7.504749          2.199176          0.1522035
         7.535734          2.205618          0.1582476
         7.566720          2.539563          0.1566278
         7.597705          2.633289          0.1773473
