\DATE= 'Mon Jul 29 18:40:08 2013'
\APERNAME= 'LL2'
\BUNIT= 'MJy/sr'
\CAL_SET= 'irs_2007_02_12-pb-pfc-trim-omeg-lhbiasfork.cal'
\SOFTWARE= 'CUBISM'
\SOFT_VER= 'v1.50 (June-2007)'
\FILENAME= 'm31_irc_3_ll_ll2_cube__fits__LL2_sp.tbl'
\ COMMENT This file contains a spectral extraction created from
\ COMMENT an IRS spectral mapping dataset.
\ Extraction Area:
\ # Poly: 00:40:36.763,+41:01:57.42 ; 00:40:34.790,+41:01:35.26
\ #       00:40:37.900,+41:00:59.82 ; 00:40:39.872,+41:01:21.97
|   WAVELENGTH    |      FLUX       | FLUX_UNCERTAINTY |
|      real       |      real       |       real       |
|       um        |     MJy/sr      |      MJy/sr      |
         14.26661         0.6305907         0.06003484
         14.35830         0.3719448         0.06089520
         14.45000        0.08722111         0.06145496
         14.54169         0.2144668         0.06095716
         14.63338         0.2441210         0.06222469
         14.72508         0.3438722         0.06502294
         14.81677       -0.04444646         0.06560018
         14.90846        0.05194134         0.06144080
         15.00015         0.2483923         0.06082723
         15.09185         0.1568013         0.05968333
         15.18354         0.2288662         0.05760032
         15.27523        0.05507420         0.06248223
         15.36693       0.006499912         0.06110650
         15.45862         0.1893587         0.06869270
         15.55031         0.4283387         0.05822129
         15.64200         0.2958453         0.05673140
         15.73370         0.4170803         0.05847928
         15.82539         0.1063760         0.07542770
         15.91708         0.4137819         0.06807893
         16.00878         0.4625876         0.06969368
         16.10047       -0.02023075         0.07715873
         16.19216         0.1705042         0.07572024
         16.28386         0.6083214         0.07279171
         16.37555         0.8307434         0.07768324
         16.46724         0.7272663         0.07198293
         16.55893         0.2654926         0.07581685
         16.65063         0.6399686         0.07017080
         16.74232         0.5057324         0.06643564
         16.83401         0.6072744         0.07298353
         16.92570          1.010288         0.06873240
         17.01740          1.302328         0.06902885
         17.10909         0.8941451         0.06633313
         17.20078         0.7339943         0.06363871
         17.29248         0.7409073         0.06929966
         17.38417         0.6965927         0.06559645
         17.47586         0.4589396         0.06844554
         17.56756         0.3736508         0.06306966
         17.65925         0.3441020         0.06174198
         17.75094         0.2213670         0.06338163
         17.84263         0.1276008         0.07060990
         17.93433         0.1959230         0.06833120
         18.02602         0.1813919         0.06422864
         18.11771        0.03447718         0.06594444
         18.20941         0.1904808         0.07686210
         18.30110         0.2562842          0.1405644
         18.39279         0.5101721         0.06485151
         18.48449        -0.2443277         0.06619556
         18.57618        0.04520672         0.07084592
         18.66787         0.4837050         0.06768146
         18.75956         0.3692199         0.07237917
         18.85126         0.2414201         0.07546133
         18.94295         0.1435257         0.08419223
         19.03464         0.2900738          0.2394127
         19.12634         0.3146110          0.1022703
         19.21803         0.3118382         0.09782843
         19.30972         0.2627426          0.1022825
         19.40141         0.6088474          0.1086104
         19.49311       -0.03099183          0.1060131
         19.58480        -0.2844602          0.1209954
         19.67649       0.004420655          0.1246844
         19.76819     -0.0001123055          0.1226267
         19.85988         0.5906070          0.1201056
         19.95157         0.2126791          0.1063142
         20.04326         0.3682790          0.1301793
         20.13496         0.3291174         0.09968119
         20.22665         0.4278038          0.1108738
         20.31834         0.7464412         0.09861568
         20.41004         0.5342768          0.1019987
         20.50173         0.1522656          0.1210279
         20.59342         0.1795345          0.1040405
         20.68512         0.8306229          0.1273355
         20.77681         0.7002345          0.1242255
         20.86850         0.2157309          0.1264671
         20.96019         0.3286690          0.1212212
         21.05189         0.3042676          0.1358786
