\DATE= 'Mon Aug 19 17:33:36 2013'
\APERNAME= 'SL2'
\BUNIT= 'MJy/sr'
\CAL_SET= 'irs_2007_02_12-pb-pfc-trim-omeg-lhbiasfork.cal'
\SOFTWARE= 'CUBISM'
\SOFT_VER= 'v1.50 (June-2007)'
\FILENAME= 'm31_irc_4_sl_sl2_cube__fits__SL2_sp.tbl'
\ COMMENT This file contains a spectral extraction created from
\ COMMENT an IRS spectral mapping dataset.
\ Extraction Area:
\ # Poly: 00:41:17.252,+41:07:37.81 ; 00:41:15.276,+41:07:15.66
\ #       00:41:18.389,+41:06:40.20 ; 00:41:20.365,+41:07:02.35
|   WAVELENGTH    |      FLUX       | FLUX_UNCERTAINTY |
|      real       |      real       |       real       |
|       um        |     MJy/sr      |      MJy/sr      |
         5.242817         0.3725323          0.1162817
         5.273802         0.4083455          0.1254445
         5.304788         0.3911227          0.1134256
         5.335773         0.3248042         0.09557450
         5.366758         0.2637615         0.09217256
         5.397744         0.3032530         0.08765032
         5.428729         0.3780336         0.08294193
         5.459714         0.4081565         0.07748628
         5.490700         0.5714642         0.07485034
         5.521685         0.5731868         0.06938203
         5.552670         0.4364480         0.06956617
         5.583656         0.2358574         0.07121335
         5.614641         0.1552834         0.06780492
         5.645627         0.3004331         0.06528322
         5.676612         0.2461912         0.06449518
         5.707598         0.1704872         0.06537274
         5.738583         0.2613797         0.06354861
         5.769568         0.3137801         0.07569215
         5.800553         0.5173558         0.07764594
         5.831539         0.4017237         0.07881597
         5.862525         0.6704446         0.08404242
         5.893510         0.1811136         0.09171976
         5.924495        0.04853016         0.09356447
         5.955481         0.2497335         0.09614626
         5.986466        0.02346134         0.09759851
         6.017451         0.4903365         0.09414892
         6.048437         0.5450289         0.09110019
         6.079422         0.4410949         0.08769154
         6.110407         0.3991590         0.08033992
         6.141393         0.5565788         0.07811540
         6.172378         0.9391038         0.07714903
         6.203363         0.9438173         0.07440065
         6.234349         0.8959016         0.06940274
         6.265334         0.6790686         0.07217123
         6.296319         0.5645137         0.07163049
         6.327305         0.4438848         0.08461366
         6.358290         0.6013557         0.07842083
         6.389276         0.6275980         0.07913574
         6.420261         0.4680318         0.07732724
         6.451246         0.4615779         0.07454626
         6.482232         0.6579053         0.07611758
         6.513217         0.5556017         0.08461417
         6.544202         0.4774533         0.09584206
         6.575188         0.5316114          0.1043314
         6.606173         0.3280467          0.1157549
         6.637158         0.3786077          0.1119628
         6.668144         0.4662850          0.1122748
         6.699129         0.6901776          0.1069114
         6.730114         0.5317021          0.1024867
         6.761100         0.3126605          0.1035796
         6.792085         0.3683276          0.1052459
         6.823071         0.4883840          0.1041091
         6.854056         0.3603706          0.1020726
         6.885041         0.3608994          0.1020725
         6.916027         0.5838258         0.09545010
         6.947012         0.6011406         0.09928800
         6.977998         0.5228109         0.09801120
         7.008983         0.2226146          0.1002865
         7.039968         0.4560258          0.1033461
         7.070954         0.3703751          0.1013402
         7.101939         0.5615562         0.09932096
         7.132924         0.7367339          0.1006838
         7.163910         0.6811113          0.1007176
         7.194895         0.6713260          0.1046542
         7.225881         0.6374565          0.1168155
         7.256866         0.8088851          0.1382619
         7.287851          1.081651          0.1614744
         7.318837         0.7419491          0.1534047
         7.349822         0.7514070          0.1547895
         7.380807         0.9522059          0.1643031
         7.411793         0.9068899          0.1595414
         7.442778         0.9520057          0.1547177
         7.473763          1.443453          0.1539777
         7.504749          1.483412          0.1506787
         7.535734          1.579985          0.1555772
         7.566720          1.611510          0.1524111
         7.597705          1.564786          0.1702924
