\DATE= 'Mon Aug 19 17:36:54 2013'
\APERNAME= 'LL2'
\BUNIT= 'MJy/sr'
\CAL_SET= 'irs_2007_02_12-pb-pfc-trim-omeg-lhbiasfork.cal'
\SOFTWARE= 'CUBISM'
\SOFT_VER= 'v1.50 (June-2007)'
\FILENAME= 'm31_irc_6_ll_ll2_cube__fits__LL2_sp.tbl'
\ COMMENT This file contains a spectral extraction created from
\ COMMENT an IRS spectral mapping dataset.
\ Extraction Area:
\ # Poly: 00:43:35.131,+41:23:43.07 ; 00:43:33.129,+41:23:21.13
\ #       00:43:36.226,+41:22:45.35 ; 00:43:38.228,+41:23:07.29
|   WAVELENGTH    |      FLUX       | FLUX_UNCERTAINTY |
|      real       |      real       |       real       |
|       um        |     MJy/sr      |      MJy/sr      |
         14.26661         0.4461905         0.02857467
         14.35830         0.5905207         0.02918460
         14.45000         0.7437803         0.04250722
         14.54169         0.6166006         0.02711032
         14.63338         0.5488466         0.03258440
         14.72508         0.6162329         0.05225286
         14.81677         0.5862658         0.03264068
         14.90846         0.6833801         0.03173005
         15.00015         0.6262090         0.02777860
         15.09185         0.7023563         0.02542188
         15.18354         0.7009348         0.03173740
         15.27523         0.5801163         0.02694179
         15.36693         0.5288228         0.02673922
         15.45862         0.5807746         0.02924632
         15.55031         0.9584169         0.02686063
         15.64200         0.7214391         0.02582602
         15.73370         0.7929735         0.02625570
         15.82539         0.7884679         0.02804383
         15.91708         0.7541953         0.03201112
         16.00878         0.7289898         0.09422917
         16.10047         0.5851297         0.04224640
         16.19216         0.7701973         0.03202660
         16.28386         0.7624995         0.03354685
         16.37555         0.8498972         0.03415379
         16.46724         0.9826094         0.03300350
         16.55893         0.8024290         0.03220220
         16.65063         0.7807904         0.03113069
         16.74232         0.7616620         0.03093152
         16.83401         0.9430238         0.03364777
         16.92570          1.304119         0.03196705
         17.01740          1.983439         0.03208968
         17.10909          1.606724         0.03378854
         17.20078          1.013389         0.03271946
         17.29248          1.022421         0.02926441
         17.38417         0.9686633         0.03024272
         17.47586         0.6860208         0.03294431
         17.56756         0.7197490         0.02801991
         17.65925         0.6719213         0.02795433
         17.75094         0.7291819         0.06927450
         17.84263         0.5761995         0.03129780
         17.93433         0.7008779         0.04417451
         18.02602         0.5213419         0.02919098
         18.11771         0.5101793         0.03073789
         18.20941         0.6881039         0.07619315
         18.30110         0.6477705         0.03496651
         18.39279         0.4582077         0.02858691
         18.48449         0.7077740         0.03088252
         18.57618         0.7270582         0.03394194
         18.66787         0.9014577         0.03586446
         18.75956         0.7983650         0.03317351
         18.85126         0.6034337         0.03526379
         18.94295         0.5858191         0.03480409
         19.03464         0.7042139         0.09884884
         19.12634         0.4875890         0.05045208
         19.21803         0.6038404         0.04258205
         19.30972         0.6323781         0.04947517
         19.40141         0.3391185         0.06802147
         19.49311         0.4577938         0.08230070
         19.58480         0.5034149         0.05489836
         19.67649         0.5112737         0.05839498
         19.76819         0.5505399         0.05086318
         19.85988         0.3917368         0.07408079
         19.95157         0.6644075         0.04550458
         20.04326         0.6926879         0.04817838
         20.13496         0.5465533         0.04632343
         20.22665         0.4791870         0.04896387
         20.31834         0.6071033         0.05084923
         20.41004         0.5146532         0.04796961
         20.50173         0.5559094         0.06480784
         20.59342         0.3968292         0.04825538
         20.68512         0.5456960         0.05510451
         20.77681         0.5502566         0.07438132
         20.86850         0.5303644         0.06582415
         20.96019         0.4746604         0.06364327
         21.05189         0.7694588         0.05773414
