\DATE= 'Tue Aug 20 15:37:59 2013'
\APERNAME= 'SL1'
\BUNIT= 'MJy/sr'
\CAL_SET= 'irs_2007_02_12-pb-pfc-trim-omeg-lhbiasfork.cal'
\SOFTWARE= 'CUBISM'
\SOFT_VER= 'v1.50 (June-2007)'
\FILENAME= 'm31_isocvf_sl_sl1_cube__fits__SL1_sp.tbl'
\ COMMENT This file contains a spectral extraction created from
\ COMMENT an IRS spectral mapping dataset.
\ Extraction Area:
\ # Poly: 00:40:59.401,+40:36:48.32 ; 00:40:57.436,+40:36:26.23
\ #       00:41:00.517,+40:35:50.68 ; 00:41:02.483,+40:36:12.77
|   WAVELENGTH    |      FLUX       | FLUX_UNCERTAINTY |
|      real       |      real       |       real       |
|       um        |     MJy/sr      |      MJy/sr      |
         7.533706          1.656691          0.3507106
         7.595799          3.624968          0.3112583
         7.657894          2.616627          0.3191549
         7.719988         0.5785167          0.2654600
         7.782082          1.864533          0.2621163
         7.844176          1.828233          0.2236350
         7.906271          2.080640          0.2380490
         7.968365          1.391630          0.2174386
         8.030458         0.1266317          0.2444675
         8.092554       -0.05211525          0.2197755
         8.154648          1.098633          0.1994059
         8.216742          1.265052          0.2003876
         8.278836          1.206946          0.2184262
         8.340930          1.584699          0.2093807
         8.403025         0.6198412          0.2075708
         8.465118         0.8676222          0.2391929
         8.527213         0.9912109          0.2246885
         8.589307          1.297662          0.2332053
         8.651402          1.623139          0.2194854
         8.713495         0.2912427          0.2101501
         8.775590       -0.01852158          0.1974966
         8.837685         0.2862071          0.1808071
         8.899778         0.8726119          0.1695757
         8.961872         0.8321311          0.1688221
         9.023967        0.07997399          0.1683469
         9.086061        0.02879513          0.1547778
         9.148155        -0.4783757          0.1590410
         9.210249        -0.6390606          0.1479060
         9.272344        -0.5670947          0.1600345
         9.334438       -0.03287970          0.1608730
         9.396532         0.3272092          0.1432657
         9.458626       -0.03019382          0.1536108
         9.520720        -0.4577609          0.1382322
         9.582815        0.08484622          0.1470293
         9.644909         0.4150580          0.1491237
         9.707003       -0.01605051          0.1559712
         9.769097         0.1839772          0.1430909
         9.831192         0.1776298          0.1455303
         9.893286         0.3911348          0.1559785
         9.955380         0.5468780          0.1736612
         10.01747         0.1075457          0.1649332
         10.07957       -0.06055711          0.1716501
         10.14166         0.3079284          0.1668748
         10.20376       -0.02692299          0.1662071
         10.26585       -0.05263743          0.1551251
         10.32795        -0.3976856          0.1446388
         10.39004        -0.3344913          0.1572065
         10.45213        0.04332697          0.1440364
         10.51423        -0.3746488          0.1443408
         10.57632        -0.1101816          0.1400977
         10.63842         0.6925210          0.1466905
         10.70051         0.6243001          0.1239722
         10.76260        -0.2337645          0.1313196
         10.82470       -0.08593532          0.1260847
         10.88679         0.4980050          0.1358593
         10.94889          1.087649          0.1299563
         11.01098          1.066973          0.1389269
         11.07308          1.725678          0.1439561
         11.13517          2.548439          0.1507133
         11.19726          3.512779          0.1399059
         11.25936          3.663825          0.1541880
         11.32145          2.590128          0.1566212
         11.38355          2.295871          0.1678122
         11.44564          1.791889          0.1881980
         11.50774          1.108679          0.1750307
         11.56983         0.4294177          0.1846732
         11.63192        -0.4650578          0.1883187
         11.69402         0.6706195          0.1787219
         11.75611         0.5013592          0.1634375
         11.81821         0.7483394          0.1709500
         11.88030         0.8706757          0.1545885
         11.94240          1.203979          0.1442881
         12.00449          1.814379          0.1624406
         12.06658          1.308293          0.1375067
         12.12868          1.135541          0.1392912
         12.19077         0.8294787          0.1383200
         12.25287          1.171057          0.1444418
         12.31496          1.169969          0.1411824
         12.37705         0.7761759          0.1413565
         12.43915          1.346601          0.1385821
         12.50124          1.315091          0.1435855
         12.56334          1.854218          0.1347643
         12.62543          2.089252          0.1463626
         12.68753          1.700103          0.1628009
         12.74962          2.756654          0.1573934
         12.81171          2.854831          0.1647219
         12.87381          1.874317          0.1646833
         12.93590          1.228829          0.1724560
         12.99800          1.096143          0.1840964
         13.06009         0.9767039          0.1837263
         13.12218          1.028368          0.1845677
         13.18428          1.086791          0.1786713
         13.24637         0.6451526          0.1849838
         13.30847         0.7313961          0.1645181
         13.37056         0.8558261          0.1615353
         13.43266         0.7962617          0.1606352
         13.49475          1.012113          0.1629618
         13.55684         0.6308904          0.1501241
         13.61894          1.517554          0.1478442
         13.68103          1.353855          0.1410210
         13.74313         0.8202623          0.1737550
         13.80522          1.121256          0.1686627
         13.86732          1.130943          0.1602125
         13.92941         0.8347699          0.1694279
         13.99150         0.6570415          0.1710502
         14.05360         0.6241100          0.1888807
         14.11569         0.6418129          0.2104126
         14.17779         0.9383185          0.2155807
         14.23988          1.229466          0.2179239
         14.30198          1.050309          0.2174309
         14.36407         0.3534275          0.2316082
         14.42616         0.7403050          0.2346101
         14.48826         0.4585276          0.2396954
         14.55035        0.08225214          0.2273141
         14.61245        0.08147074          0.2159455
         14.67454         0.7509700          0.1985582
         14.73664         0.1924811          0.1751935
