\DATE= 'Mon Aug 19 21:23:39 2013'
\APERNAME= 'LL2'
\BUNIT= 'MJy/sr'
\CAL_SET= 'irs_2007_02_12-pb-pfc-trim-omeg-lhbiasfork.cal'
\SOFTWARE= 'CUBISM'
\SOFT_VER= 'v1.50 (June-2007)'
\FILENAME= 'm31_irc_7_ll_ll2_cube__fits__LL2_sp.tbl'
\ COMMENT This file contains a spectral extraction created from
\ COMMENT an IRS spectral mapping dataset.
\ Extraction Area:
\ # Poly: 00:40:53.377,+40:59:26.93 ; 00:40:51.402,+40:59:04.83
\ #       00:40:54.502,+40:58:29.30 ; 00:40:56.478,+40:58:51.40
|   WAVELENGTH    |      FLUX       | FLUX_UNCERTAINTY |
|      real       |      real       |       real       |
|       um        |     MJy/sr      |      MJy/sr      |
         14.26661         0.5818970         0.04161132
         14.35830         0.5598264         0.03043372
         14.45000         0.6150692         0.03197571
         14.54169         0.5425720         0.03531098
         14.63338         0.3512112         0.02973102
         14.72508         0.4831100         0.03288325
         14.81677         0.5233056         0.03446079
         14.90846         0.5555118         0.03761224
         15.00015         0.4896195         0.02794750
         15.09185         0.5996549         0.02724334
         15.18354         0.6728241         0.03278045
         15.27523         0.6395732         0.02758635
         15.36693         0.5521815         0.02699237
         15.45862         0.5603808         0.03493179
         15.55031         0.6061521         0.02630667
         15.64200         0.5807680         0.02565578
         15.73370         0.6839195         0.02511143
         15.82539         0.6868926         0.02698257
         15.91708         0.6554266         0.03127760
         16.00878         0.6578455         0.03445542
         16.10047         0.5619687         0.03351850
         16.19216         0.6721401         0.03191901
         16.28386         0.8671740         0.03405866
         16.37555          1.148230         0.03602945
         16.46724          1.222490         0.03427863
         16.55893         0.9766161         0.05645299
         16.65063         0.9451174         0.09403633
         16.74232          1.080607         0.05196811
         16.83401         0.9767194         0.03360372
         16.92570          1.368647         0.03311346
         17.01740          1.513819         0.03057660
         17.10909          1.286599         0.02833826
         17.20078          1.151976         0.02965960
         17.29248          1.398675         0.02963066
         17.38417          1.276120         0.07317742
         17.47586         0.8986149         0.03270859
         17.56756         0.8284320         0.02841009
         17.65925         0.7111297         0.02914787
         17.75094         0.7847766         0.02881513
         17.84263         0.6674532         0.03184721
         17.93433         0.5966930         0.04427030
         18.02602         0.7097303         0.02923904
         18.11771         0.5577455         0.03812098
         18.20941         0.6103156         0.02976749
         18.30110         0.6395347         0.03645524
         18.39279         0.5682020          0.1198467
         18.48449         0.7514728         0.02871534
         18.57618         0.7974601         0.03776022
         18.66787          1.092315         0.04177056
         18.75956         0.8240923         0.03297720
         18.85126         0.4795300         0.03872907
         18.94295         0.7104484          0.1002382
         19.03464         0.6105997         0.03685306
         19.12634         0.5750787         0.04372187
         19.21803         0.6030114         0.04346929
         19.30972         0.5809587         0.04425741
         19.40141         0.3106492         0.05294754
         19.49311         0.5683352         0.08534514
         19.58480         0.6546714         0.06248843
         19.67649         0.6097560         0.05298748
         19.76819         0.4439340         0.06454109
         19.85988         0.4214057         0.05251591
         19.95157         0.7132853         0.04624498
         20.04326         0.6811247         0.04760111
         20.13496         0.4480628         0.04770141
         20.22665         0.5696374         0.05167700
         20.31834         0.6930892         0.04269160
         20.41004         0.4843532         0.04749654
         20.50173         0.4058839         0.05693854
         20.59342         0.4988770         0.04723420
         20.68512         0.6601334         0.05247696
         20.77681         0.6016154          0.1882350
         20.86850         0.4936142         0.05847803
         20.96019         0.3920683         0.06475028
         21.05189         0.4889095         0.05692726
