\DATE= 'Fri Aug 30 15:48:32 2013'
\APERNAME= 'SL1'
\BUNIT= 'MJy/sr'
\CAL_SET= 'irs_2007_02_12-pb-pfc-trim-omeg-lhbiasfork.cal'
\SOFTWARE= 'CUBISM'
\SOFT_VER= 'v1.50 (June-2007)'
\FILENAME= 'm31_irc_1_sl_sl1_cube__fits__SL1_sp.tbl'
\ COMMENT This file contains a spectral extraction created from
\ COMMENT an IRS spectral mapping dataset.
\ Extraction Area:
\ # Poly: 00:41:29.935,+40:43:34.53 ; 00:41:27.958,+40:43:12.53
\ #       00:41:30.918,+40:42:38.16 ; 00:41:32.895,+40:43:00.16
|   WAVELENGTH    |      FLUX       | FLUX_UNCERTAINTY |
|      real       |      real       |       real       |
|       um        |     MJy/sr      |      MJy/sr      |
         7.533706          2.277604         0.09142873
         7.595799          2.248929         0.08295737
         7.657894          2.275692         0.08096058
         7.719988          2.027218         0.07096670
         7.782082          2.147070         0.06190593
         7.844176          1.995354         0.06174888
         7.906271          1.672082         0.06427950
         7.968365          1.506150         0.06199008
         8.030458          1.368261         0.06105369
         8.092554          1.241291         0.05965484
         8.154648          1.061620         0.05510693
         8.216742          1.151173         0.05581032
         8.278836          1.102226         0.05659534
         8.340930          1.119756         0.05733266
         8.403025          1.239796         0.07177270
         8.465118          1.325135         0.06639741
         8.527213          1.287521         0.06536817
         8.589307          1.337916         0.06848150
         8.651402          1.186982         0.06430812
         8.713495         0.9170858         0.06049091
         8.775590         0.8544527         0.05758323
         8.837685         0.5681741         0.05286251
         8.899778         0.3766155         0.05045373
         8.961872         0.4716857         0.05142448
         9.023967         0.3800007         0.04968452
         9.086061         0.3901950         0.04736684
         9.148155         0.2779889         0.04384526
         9.210249         0.3163021         0.04170457
         9.272344         0.4254578         0.04070296
         9.334438         0.4075227         0.04282750
         9.396532         0.3810782         0.04416750
         9.458626         0.4321676         0.04306432
         9.520720         0.4337078         0.04223388
         9.582815         0.3645178         0.04103244
         9.644909         0.6106818         0.03749816
         9.707003         0.5816358         0.03968631
         9.769097         0.4466633         0.04282739
         9.831192         0.3258638         0.04269930
         9.893286         0.3766926         0.04283205
         9.955380         0.4281771         0.04716758
         10.01747         0.4739031         0.04552345
         10.07957         0.3411597         0.04755184
         10.14166         0.3668278         0.04564783
         10.20376         0.5051358         0.04659127
         10.26585         0.4636220         0.04155549
         10.32795         0.4698033         0.04123668
         10.39004         0.5591816         0.03950692
         10.45213         0.5905891         0.04083627
         10.51423         0.6920144         0.03926755
         10.57632         0.7856554         0.03812264
         10.63842         0.6593127         0.03741212
         10.70051         0.7268351         0.03631339
         10.76260         0.8754441         0.03669807
         10.82470         0.8282916         0.03429666
         10.88679         0.7992086         0.03646358
         10.94889         0.8461766         0.03620549
         11.01098          1.103228         0.04131902
         11.07308          1.423881         0.04086761
         11.13517          2.391142         0.04045704
         11.19726          3.738160         0.04162589
         11.25936          3.891077         0.04203784
         11.32145          2.916120         0.04689455
         11.38355          2.205928         0.04618300
         11.44564          1.894448         0.04776969
         11.50774          1.527610         0.05168733
         11.56983          1.372663         0.05665139
         11.63192          1.102059         0.05300860
         11.69402          1.012416         0.05152678
         11.75611          1.002173         0.05214224
         11.81821          1.016606         0.04673630
         11.88030          1.101181         0.04350859
         11.94240          1.201379         0.04606432
         12.00449          1.214602         0.04714786
         12.06658          1.165014         0.04550990
         12.12868          1.260861         0.04676847
         12.19077          1.279252         0.04796394
         12.25287          1.313770         0.04216440
         12.31496          1.305919         0.04223418
         12.37705          1.347202         0.04580707
         12.43915          1.379891         0.04673894
         12.50124          1.387479         0.04688268
         12.56334          1.495413         0.04767562
         12.62543          1.578759         0.04622474
         12.68753          1.673429         0.04751408
         12.74962          1.728084         0.04968579
         12.81171          1.336921         0.05340342
         12.87381         0.9942253         0.06339786
         12.93590          1.058797         0.06013068
         12.99800         0.8859672         0.06854972
         13.06009         0.9032519         0.07230962
         13.12218         0.8404700         0.06527725
         13.18428         0.8084548         0.05949562
         13.24637         0.8556015         0.05848024
         13.30847         0.8287371         0.05473935
         13.37056         0.6901211         0.05460407
         13.43266         0.9894424         0.05679191
         13.49475         0.8377118         0.05414400
         13.55684         0.8292471         0.04998937
         13.61894         0.8708836         0.05066685
         13.68103         0.8081000         0.05241811
         13.74313         0.6172559         0.05279127
         13.80522         0.4984422         0.05445669
         13.86732         0.4780820         0.05143006
         13.92941         0.7973793         0.05370176
         13.99150         0.6792645         0.05949055
         14.05360         0.5638340         0.06088722
         14.11569         0.7202153         0.06677996
         14.17779         0.7536260         0.07310832
         14.23988         0.9004588         0.07781585
         14.30198         0.8720966         0.08286894
         14.36407         0.7211939         0.07236908
         14.42616         0.6082202         0.07996947
         14.48826         0.5563018         0.07599720
         14.55035         0.5871020         0.07741830
         14.61245         0.7204713         0.07182659
         14.67454         0.8139935         0.06038953
         14.73664         0.5694584         0.05450657
