\DATE= 'Mon Aug 19 21:24:42 2013'
\APERNAME= 'SL2'
\BUNIT= 'MJy/sr'
\CAL_SET= 'irs_2007_02_12-pb-pfc-trim-omeg-lhbiasfork.cal'
\SOFTWARE= 'CUBISM'
\SOFT_VER= 'v1.50 (June-2007)'
\FILENAME= 'm31_irc_7_sl_sl2_cube__fits__SL2_sp.tbl'
\ COMMENT This file contains a spectral extraction created from
\ COMMENT an IRS spectral mapping dataset.
\ Extraction Area:
\ # Poly: 00:40:53.377,+40:59:26.93 ; 00:40:51.402,+40:59:04.83
\ #       00:40:54.502,+40:58:29.30 ; 00:40:56.478,+40:58:51.40
|   WAVELENGTH    |      FLUX       | FLUX_UNCERTAINTY |
|      real       |      real       |       real       |
|       um        |     MJy/sr      |      MJy/sr      |
         5.242817         0.3475506          0.1179636
         5.273802         0.3180170          0.1250647
         5.304788         0.1823220          0.1124610
         5.335773         0.2039557         0.09584566
         5.366758         0.3295420         0.09197483
         5.397744         0.2552450         0.08810260
         5.428729         0.2171841         0.08271061
         5.459714         0.2660212         0.07568931
         5.490700         0.3736132         0.06876342
         5.521685         0.2860691         0.06729359
         5.552670         0.4239808         0.06639782
         5.583656         0.2233111         0.06720199
         5.614641        0.09809615         0.06929775
         5.645627         0.2137343         0.06519703
         5.676612         0.1389593         0.06131163
         5.707598         0.1752993         0.06275208
         5.738583         0.1889676         0.06167316
         5.769568         0.3567148         0.06824468
         5.800553         0.5018949         0.07529397
         5.831539         0.3236043         0.07856057
         5.862525         0.4572632         0.08393373
         5.893510         0.1626701         0.08882996
         5.924495        0.04509343         0.09359371
         5.955481         0.2290147         0.09690183
         5.986466         0.1863167         0.09422339
         6.017451         0.5787951         0.09181542
         6.048437         0.5257924         0.09111480
         6.079422         0.5065773         0.08595048
         6.110407         0.3807813         0.07811316
         6.141393         0.4130599         0.07626926
         6.172378         0.9074831         0.07618734
         6.203363         0.8225257         0.07540733
         6.234349         0.9066834         0.07417052
         6.265334         0.7179101         0.06811163
         6.296319         0.5557840         0.07218727
         6.327305         0.4772204         0.07893756
         6.358290         0.5009029         0.07467704
         6.389276         0.5836282         0.07774847
         6.420261         0.4702096         0.07774062
         6.451246         0.3468345         0.07262211
         6.482232         0.4144461         0.07587700
         6.513217         0.3830978         0.08279282
         6.544202         0.3360264         0.09387696
         6.575188         0.4755682          0.1016642
         6.606173         0.3423914          0.1085817
         6.637158         0.3484383          0.1072591
         6.668144         0.4858965          0.1127657
         6.699129         0.5047327          0.1079649
         6.730114         0.4140524          0.1018840
         6.761100         0.2661158          0.1060117
         6.792085         0.2365502          0.1077076
         6.823071         0.2709272          0.1067766
         6.854056         0.2698651          0.1029602
         6.885041         0.2497181         0.09932496
         6.916027         0.3305840         0.09499104
         6.947012         0.3682071         0.09712262
         6.977998         0.5180802         0.09650841
         7.008983         0.2158651          0.1018275
         7.039968         0.3526746          0.1003524
         7.070954         0.3712480          0.1043009
         7.101939         0.4787450          0.1001971
         7.132924         0.4105445         0.09943742
         7.163910         0.4238783         0.09942504
         7.194895         0.5464484          0.1024711
         7.225881         0.4641763          0.1167551
         7.256866         0.6675258          0.1466801
         7.287851         0.8722056          0.1393507
         7.318837         0.4707451          0.1399870
         7.349822         0.7010986          0.1554826
         7.380807          1.114279          0.1634170
         7.411793         0.7533313          0.1534083
         7.442778         0.9014433          0.1489497
         7.473763          1.223083          0.1473096
         7.504749          1.277086          0.1506649
         7.535734          1.539997          0.1556066
         7.566720          1.425808          0.1527994
         7.597705          1.726408          0.1798725
