\DATE= 'Wed Sep  4 19:49:35 2013'
\APERNAME= 'SL2'
\BUNIT= 'MJy/sr'
\CAL_SET= 'irs_2007_02_12-pb-pfc-trim-omeg-lhbiasfork.cal'
\SOFTWARE= 'CUBISM'
\SOFT_VER= 'v1.8 (June-2011)'
\FILENAME= 'm31bulge_sl_sl2_cube__fits__SL2_sp.tbl'
\ COMMENT This file contains a spectral extraction created from
\ COMMENT an IRS spectral mapping dataset.
\ Extraction Area:
\ # Poly: 00:42:34.283,+41:21:27.75 ; 00:42:32.525,+41:21:08.29
\ #       00:42:35.635,+41:20:32.67 ; 00:42:37.392,+41:20:52.12
|   WAVELENGTH    |      FLUX       | FLUX_UNCERTAINTY |
|      real       |      real       |       real       |
|       um        |     MJy/sr      |      MJy/sr      |
         5.242817          2.568699          0.3111368
         5.273802         0.4003820          0.3299371
         5.304788          1.037007          0.3285120
         5.335773          1.325176          0.3067968
         5.366758         -1.247441          0.2700081
         5.397744         -1.440292          0.2538114
         5.428729         -1.275596          0.2434996
         5.459714          1.128784          0.2033041
         5.490700          1.800268          0.1938819
         5.521685         0.9564951          0.1919078
         5.552670          1.602676          0.1870606
         5.583656         0.1086383          0.1871088
         5.614641         -1.094023          0.2130461
         5.645627         0.8479334          0.1826642
         5.676612         0.8665064          0.1866566
         5.707598        -0.2023769          0.1886797
         5.738583        -0.1012183          0.1896104
         5.769568        -0.1310444          0.1935453
         5.800553         0.7021987          0.1917612
         5.831539         0.7193465          0.2333416
         5.862525         0.7004567          0.2231641
         5.893510       -0.09172507          0.2451273
         5.924495         0.8723852          0.2515814
         5.955481         0.6994340          0.2795810
         5.986466         0.8419868          0.2764378
         6.017451          1.448632          0.2851256
         6.048437         0.4635487          0.2429638
         6.079422          2.368505          0.2184078
         6.110407          2.000894          0.1916787
         6.141393          1.469193          0.2035024
         6.172378          2.767546          0.1973704
         6.203363          2.659156          0.2052033
         6.234349          2.374286          0.1741463
         6.265334          2.200482          0.1745532
         6.296319          2.114943          0.1777925
         6.327305          1.651991          0.1964303
         6.358290          2.000529          0.1881476
         6.389276          2.028111          0.1982899
         6.420261          1.249984          0.1784401
         6.451246          1.158027          0.1894238
         6.482232          2.131486          0.1943708
         6.513217          1.706458          0.2082005
         6.544202         0.9168083          0.2414481
         6.575188          1.662345          0.2610413
         6.606173          2.075550          0.2688951
         6.637158          2.241523          0.2922849
         6.668144          2.599405          0.2801166
         6.699129          1.895157          0.3168857
         6.730114          1.194406          0.2531758
         6.761100          1.856876          0.2474915
         6.792085          1.792220          0.2757916
         6.823071          1.936868          0.2622170
         6.854056          2.013590          0.2483498
         6.885041          2.279925          0.2548441
         6.916027          2.537086          0.2812159
         6.947012          2.416927          0.2422828
         6.977998          1.936885          0.2380538
         7.008983          2.544249          0.2373659
         7.039968          2.343414          0.2483890
         7.070954          2.591891          0.2468069
         7.101939          2.432232          0.2403332
         7.132924          2.563233          0.2332913
         7.163910          2.908828          0.2520609
         7.194895          2.645249          0.2820126
         7.225881          3.507357          0.2993647
         7.256866          2.257265          0.3070894
         7.287851          3.225218          0.3392367
         7.318837          3.687288          0.3561207
         7.349822          3.112921          0.3865927
         7.380807          3.538133          0.4141173
         7.411793          3.481076          0.3936283
         7.442778          3.483684          0.3835569
         7.473763          3.949837          0.3651934
         7.504749          4.108052          0.3763218
         7.535734          5.487521          0.3891487
         7.566720          8.917886          0.3958516
         7.597705          4.313943          0.4683580
