\DATE= 'Wed Jul 31 21:14:33 2013'
\APERNAME= 'SL1'
\BUNIT= 'MJy/sr'
\CAL_SET= 'irs_2007_02_12-pb-pfc-trim-omeg-lhbiasfork.cal'
\SOFTWARE= 'CUBISM'
\SOFT_VER= 'v1.50 (June-2007)'
\FILENAME= 'm31bulge_sl_sl1_cube__fits__SL1_sp.tbl'
\ COMMENT This file contains a spectral extraction created from
\ COMMENT an IRS spectral mapping dataset.
\ Extraction Area:
\ # Poly: 00:42:34.283,+41:21:27.75 ; 00:42:32.525,+41:21:08.29
\ #       00:42:35.635,+41:20:32.67 ; 00:42:37.392,+41:20:52.12
|   WAVELENGTH    |      FLUX       | FLUX_UNCERTAINTY |
|      real       |      real       |       real       |
|       um        |     MJy/sr      |      MJy/sr      |
         7.533706          2.717267          0.3840391
         7.595799          3.922948          0.3373913
         7.657894          3.239931          0.3518509
         7.719988          1.887289          0.3097301
         7.782082          3.022264          0.2940467
         7.844176          2.634618          0.2529190
         7.906271          2.770725          0.2609566
         7.968365          1.990467          0.2343971
         8.030458          1.147398          0.2866369
         8.092554          1.039518          0.2597069
         8.154648          1.566743          0.2331550
         8.216742          1.996420          0.2248826
         8.278836          2.166521          0.2432164
         8.340930          2.262314          0.2321953
         8.403025         0.8722845          0.2288954
         8.465118          1.631414          0.2494029
         8.527213          1.437994          0.2437998
         8.589307          1.402242          0.2792614
         8.651402          1.875531          0.2499828
         8.713495          1.295347          0.2259447
         8.775590         0.6986466          0.2097950
         8.837685          1.237136          0.1936455
         8.899778          1.428570          0.1850393
         8.961872          1.526170          0.1869756
         9.023967         0.7395818          0.1730590
         9.086061         0.2967426          0.1689559
         9.148155         0.4671829          0.1796247
         9.210249         0.5126410          0.1730466
         9.272344         0.6999279          0.1676948
         9.334438         0.7410803          0.1645348
         9.396532         0.9477299          0.1668125
         9.458626         0.4107194          0.1723148
         9.520720         0.6173561          0.1631706
         9.582815         0.7502967          0.1625874
         9.644909          1.470762          0.1655938
         9.707003         0.8195726          0.1616690
         9.769097          1.270552          0.1656406
         9.831192         0.9137450          0.1647783
         9.893286          1.330333          0.1759484
         9.955380          1.603269          0.1836287
         10.01747          1.072488          0.1857306
         10.07957         0.5962983          0.1995538
         10.14166          1.041145          0.1860285
         10.20376         0.7635974          0.1764814
         10.26585         0.7729079          0.1608872
         10.32795         0.2306659          0.1627812
         10.39004         0.4304888          0.1757310
         10.45213         0.6171057          0.1640407
         10.51423         0.7488319          0.1613690
         10.57632         0.5488955          0.1584895
         10.63842          1.703249          0.1607613
         10.70051          1.459208          0.1438209
         10.76260         0.7346433          0.1431386
         10.82470         0.3879942          0.1399459
         10.88679          1.096784          0.1494602
         10.94889          1.661380          0.1522878
         11.01098          1.976792          0.1482616
         11.07308          2.544032          0.1492479
         11.13517          3.674643          0.1593374
         11.19726          6.026145          0.1561089
         11.25936          6.393043          0.1558665
         11.32145          5.119057          0.1754131
         11.38355          4.347634          0.1842163
         11.44564          2.801632          0.1975552
         11.50774          2.169304          0.2002794
         11.56983          1.554846          0.2152235
         11.63192         0.8958836          0.2082744
         11.69402          1.065250          0.1950114
         11.75611          1.144230          0.1824416
         11.81821          1.567206          0.1872699
         11.88030          2.030800          0.1730510
         11.94240          2.217277          0.1552046
         12.00449          2.830534          0.1670952
         12.06658          2.393043          0.1606618
         12.12868          2.177466          0.1547891
         12.19077          2.035237          0.1549108
         12.25287          2.511791          0.1578422
         12.31496          2.320002          0.1528022
         12.37705          1.769950          0.1655597
         12.43915          2.324743          0.1460128
         12.50124          2.491046          0.1632108
         12.56334          3.120948          0.1453218
         12.62543          3.235454          0.1620589
         12.68753          3.128570          0.1742064
         12.74962          3.469420          0.1732489
         12.81171          3.126979          0.1734591
         12.87381          2.778800          0.1756996
         12.93590          2.150379          0.1851315
         12.99800          2.360151          0.1978349
         13.06009          1.968407          0.1993574
         13.12218          1.774868          0.2005181
         13.18428          1.953390          0.1851525
         13.24637          1.882681          0.1920667
         13.30847          1.802159          0.1760097
         13.37056          1.756478          0.1800245
         13.43266          1.386742          0.1716583
         13.49475          1.824888          0.1716058
         13.55684         0.8477770          0.1603669
         13.61894          1.947055          0.1558805
         13.68103          1.930969          0.1537085
         13.74313          1.368718          0.1734364
         13.80522          1.761810          0.1775834
         13.86732          1.847440          0.1711176
         13.92941          1.297375          0.1863986
         13.99150          1.902969          0.1937967
         14.05360          1.231769          0.2087096
         14.11569          1.252022          0.2240303
         14.17779          1.940284          0.2370817
         14.23988          2.437611          0.2397434
         14.30198          2.114800          0.2409897
         14.36407          1.474381          0.2534996
         14.42616          1.932606          0.2528242
         14.48826          2.113823          0.2575920
         14.55035          1.202111          0.2425552
         14.61245          1.122835          0.2306151
         14.67454          1.361931          0.2119099
         14.73664          1.298851          0.1873252
