\DATE= 'Wed Jul 31 21:15:06 2013'
\APERNAME= 'LL2'
\BUNIT= 'MJy/sr'
\CAL_SET= 'irs_2007_02_12-pb-pfc-trim-omeg-lhbiasfork.cal'
\SOFTWARE= 'CUBISM'
\SOFT_VER= 'v1.50 (June-2007)'
\FILENAME= 'm31bulge_sl_ll2_cube__fits__LL2_sp.tbl'
\ COMMENT This file contains a spectral extraction created from
\ COMMENT an IRS spectral mapping dataset.
\ Extraction Area:
\ # Poly: 00:42:34.283,+41:21:27.75 ; 00:42:32.525,+41:21:08.29
\ #       00:42:35.635,+41:20:32.67 ; 00:42:37.392,+41:20:52.12
|   WAVELENGTH    |      FLUX       | FLUX_UNCERTAINTY |
|      real       |      real       |       real       |
|       um        |     MJy/sr      |      MJy/sr      |
         14.26661          2.174175         0.06800054
         14.35830          1.648922         0.06518486
         14.45000          1.298755         0.06815543
         14.54169          1.332682         0.06913140
         14.63338          1.297897         0.06888640
         14.72508          1.300279         0.07309886
         14.81677          1.177152         0.07191516
         14.90846          1.038211         0.06786878
         15.00015          1.323088         0.06568339
         15.09185          1.199317         0.06105774
         15.18354          1.279515         0.06454255
         15.27523          1.125903         0.06720449
         15.36693          1.251878         0.06339237
         15.45862          1.526081         0.06435803
         15.55031          1.636684         0.06391305
         15.64200          1.410844         0.06358905
         15.73370          1.448707         0.06034021
         15.82539          1.421025         0.07697631
         15.91708          1.633212         0.07569406
         16.00878          1.631049         0.07850841
         16.10047          1.286908         0.07513668
         16.19216          1.835607         0.07724676
         16.28386          1.892394         0.08153090
         16.37555          2.513222         0.08738220
         16.46724          2.675992         0.08192811
         16.55893          2.576749         0.09059667
         16.65063          2.615605         0.07964389
         16.74232          2.709047         0.08328901
         16.83401          2.669280         0.08082971
         16.92570          4.140460         0.07800711
         17.01740          5.763954         0.07770432
         17.10909          4.312131         0.07531556
         17.20078          2.993244         0.07069380
         17.29248          2.790002         0.07594007
         17.38417          2.650199         0.07334784
         17.47586          2.288216         0.07870796
         17.56756          2.082089         0.06675082
         17.65925          1.942937         0.07269245
         17.75094          1.756626         0.06829216
         17.84263          1.455885         0.07527938
         17.93433          1.377939         0.08007066
         18.02602          1.561786         0.06933286
         18.11771          1.524530         0.07126023
         18.20941          1.467266         0.07518428
         18.30110          1.409825         0.07232527
         18.39279          1.653992         0.07042734
         18.48449          1.127131         0.07263922
         18.57618          1.195810         0.07808438
         18.66787          1.262428         0.07275878
         18.75956          1.417543         0.07788163
         18.85126          1.192316         0.08040702
         18.94295          1.097035         0.09388211
         19.03464          1.235152         0.08482758
         19.12634          1.611337          0.1530319
         19.21803          1.345659          0.1057605
         19.30972          1.314543          0.1133258
         19.40141          1.499506          0.1187564
         19.49311         0.9985866          0.1256118
         19.58480         0.6077766          0.1320852
         19.67649          1.040487          0.1359281
         19.76819          1.153806          0.1396197
         19.85988          1.543772          0.1313329
         19.95157          1.279727          0.1145056
         20.04326          1.077479          0.1245389
         20.13496         0.9142879          0.1042999
         20.22665          1.372476          0.1167973
         20.31834          1.353437          0.1055989
         20.41004          1.218888          0.1124754
         20.50173         0.8834047          0.1172610
         20.59342          1.214350          0.1135133
         20.68512          1.590773          0.1278936
         20.77681          1.357818          0.1312736
         20.86850          1.135387          0.1461221
         20.96019         0.9460307          0.1415480
         21.05189          1.161652          0.1463250
