\DATE= 'Mon May 12 21:25:42 2014'
\APERNAME= 'SL1'
\BUNIT= 'MJy/sr'
\CAL_SET= 'irs_2007_02_12-pb-pfc-trim-omeg-lhbiasfork.cal'
\SOFTWARE= 'CUBISM'
\SOFT_VER= 'v1.50 (June-2007)'
\FILENAME= 'ngc206_offset_sl_sl1_cube__fits__SL1_sp.tbl'
\ COMMENT This file contains a spectral extraction created from
\ COMMENT an IRS spectral mapping dataset.
\ Extraction Area:
\ # Poly: 00:40:19.592,+40:45:22.01 ; 00:40:17.629,+40:44:59.84
\ #       00:40:20.726,+40:44:24.41 ; 00:40:22.690,+40:44:46.57
|   WAVELENGTH    |      FLUX       | FLUX_UNCERTAINTY |
|      real       |      real       |       real       |
|       um        |     MJy/sr      |      MJy/sr      |
         7.533706       -0.03408835          0.3455594
         7.595799          2.065228          0.3101572
         7.657894         0.3570712          0.3185776
         7.719988        -0.7693451          0.2670548
         7.782082         0.4035563          0.2541021
         7.844176         0.1941355          0.2277811
         7.906271         0.2251586          0.2387455
         7.968365        -0.1831886          0.2110596
         8.030458        -0.6930734          0.2223795
         8.092554         -1.257273          0.2132230
         8.154648         0.1911157          0.2023971
         8.216742         0.6581619          0.2034816
         8.278836         0.5701582          0.2198358
         8.340930         0.5709049          0.2097169
         8.403025       -0.04438524          0.2068031
         8.465118       -0.05514270          0.2350614
         8.527213      -0.001525401          0.2233400
         8.589307         0.1389642          0.2326711
         8.651402         0.8519115          0.2329268
         8.713495        -0.1264328          0.2166393
         8.775590        -0.2925828          0.1937704
         8.837685        -0.2067293          0.1711554
         8.899778         0.5712757          0.1664526
         8.961872         0.5175443          0.1763466
         9.023967        -0.3922696          0.1617023
         9.086061        -0.6525611          0.1569870
         9.148155        -0.6335837          0.1636198
         9.210249        -0.9864537          0.1528067
         9.272344         -1.089910          0.1533326
         9.334438        -0.5761654          0.1589134
         9.396532        -0.1892264          0.1433988
         9.458626        -0.8507338          0.1577147
         9.520720        -0.8964940          0.1484383
         9.582815        -0.3803814          0.1466113
         9.644909        -0.2272256          0.1463704
         9.707003        -0.6603045          0.1430499
         9.769097        -0.1258897          0.1487704
         9.831192         0.1176769          0.1465139
         9.893286        0.02677253          0.1571589
         9.955380         0.3144064          0.1634119
         10.01747       -0.09890020          0.1677871
         10.07957        -0.3540449          0.1799072
         10.14166        -0.3610287          0.1687523
         10.20376        -0.4890618          0.1642150
         10.26585       -0.03604748          0.1528680
         10.32795        -0.6830769          0.1527835
         10.39004        -0.6762378          0.1581523
         10.45213        -0.1799021          0.1446515
         10.51423        -0.4712828          0.1438904
         10.57632        -0.4055803          0.1357195
         10.63842         0.1070189          0.1420964
         10.70051        0.07741529          0.1272061
         10.76260        -0.4321360          0.1310504
         10.82470        -0.6456110          0.1269305
         10.88679         0.1620321          0.1364777
         10.94889         0.3091199          0.1283888
         11.01098         0.4992659          0.1351700
         11.07308         0.7164646          0.1454170
         11.13517          1.178953          0.1510155
         11.19726          1.456716          0.1414366
         11.25936          1.378337          0.1447024
         11.32145         0.9162432          0.1561280
         11.38355         0.5896719          0.1626598
         11.44564      -0.007507860          0.1803517
         11.50774         0.3303212          0.1770682
         11.56983        -0.3421181          0.1930795
         11.63192        -0.6997821          0.1924830
         11.69402       -0.08557811          0.1838280
         11.75611       -0.06307589          0.1637019
         11.81821         0.2142630          0.1660661
         11.88030         0.4066285          0.1590953
         11.94240         0.5998352          0.1446822
         12.00449         0.8809236          0.1564990
         12.06658         0.4269443          0.1393454
         12.12868         0.2171251          0.1362974
         12.19077       -0.09787692          0.1414338
         12.25287         0.3827178          0.1454599
         12.31496        0.02835364          0.1327007
         12.37705        -0.2071415          0.1397682
         12.43915         0.3516268          0.1391024
         12.50124         0.4233417          0.1478796
         12.56334         0.9272250          0.1330808
         12.62543          1.010609          0.1510752
         12.68753         0.5306927          0.1548845
         12.74962         0.7556041          0.1526875
         12.81171          1.036018          0.1618646
         12.87381         0.9735014          0.1688040
         12.93590         0.5708021          0.1769736
         12.99800         0.6351633          0.1853493
         13.06009         0.5988370          0.1823717
         13.12218         0.5145716          0.1876511
         13.18428         0.1464023          0.1766330
         13.24637         0.5358622          0.1704259
         13.30847         0.1926381          0.1566245
         13.37056         0.5884539          0.1625111
         13.43266         0.2885536          0.1586774
         13.49475         0.1967933          0.1528765
         13.55684       -0.06983817          0.1527722
         13.61894          1.186777          0.1785216
         13.68103          1.008803          0.1536291
         13.74313         0.9233877          0.1658340
         13.80522         0.6619992          0.1668755
         13.86732         0.9435911          0.1592668
         13.92941         0.3450947          0.1691892
         13.99150         0.1951113          0.1811209
         14.05360         0.1674213          0.1935640
         14.11569         0.1091365          0.2193973
         14.17779         0.6657050          0.2234455
         14.23988          1.343517          0.2249305
         14.30198         0.6695708          0.2325211
         14.36407         0.2671904          0.2351824
         14.42616         0.5660445          0.2345539
         14.48826         0.8188075          0.2423898
         14.55035        -0.1129163          0.2268756
         14.61245        -0.2384177          0.2146982
         14.67454         0.3013229          0.1980055
         14.73664         0.2246586          0.1739744
