\DATE= 'Mon May 12 21:27:25 2014'
\APERNAME= 'LL2'
\BUNIT= 'MJy/sr'
\CAL_SET= 'irs_2007_02_12-pb-pfc-trim-omeg-lhbiasfork.cal'
\SOFTWARE= 'CUBISM'
\SOFT_VER= 'v1.50 (June-2007)'
\FILENAME= 'ngc206_offset_ll_ll2_cube__fits__LL2_sp.tbl'
\ COMMENT This file contains a spectral extraction created from
\ COMMENT an IRS spectral mapping dataset.
\ Extraction Area:
\ # Poly: 00:40:19.592,+40:45:22.01 ; 00:40:17.629,+40:44:59.84
\ #       00:40:20.726,+40:44:24.41 ; 00:40:22.690,+40:44:46.57
|   WAVELENGTH    |      FLUX       | FLUX_UNCERTAINTY |
|      real       |      real       |       real       |
|       um        |     MJy/sr      |      MJy/sr      |
         14.26661         0.5498782         0.06150929
         14.35830         0.3015811         0.05983493
         14.45000       -0.03688769         0.06322621
         14.54169         0.1082689         0.06058503
         14.63338        0.07178038         0.06200459
         14.72508        0.07605555         0.06572108
         14.81677        0.07239763         0.07300025
         14.90846        -0.1450681         0.06054990
         15.00015         0.1393231         0.06176024
         15.09185        0.01368799         0.05822517
         15.18354         0.1942520         0.05906601
         15.27523       -0.09990696         0.06159069
         15.36693        -0.2768712         0.06041419
         15.45862         0.4245496         0.06074596
         15.55031         0.3012573         0.05655285
         15.64200         0.2362867         0.05918469
         15.73370         0.3270535         0.05813842
         15.82539         0.2970516         0.06024986
         15.91708         0.2843883         0.06894265
         16.00878         0.1091772         0.07093642
         16.10047        0.09255954          0.1941971
         16.19216         0.4748792          0.1239983
         16.28386         0.5796338         0.07855568
         16.37555         0.5103989         0.07789215
         16.46724         0.3359798         0.07289211
         16.55893        0.09547484         0.07298618
         16.65063         0.5122666         0.07084721
         16.74232         0.3696019         0.06619345
         16.83401         0.3249728         0.07303545
         16.92570         0.7063664          0.1287706
         17.01740         0.7083990         0.06787670
         17.10909         0.4504679         0.06487084
         17.20078         0.5270371         0.06388997
         17.29248         0.6667361         0.07127555
         17.38417         0.5696900         0.06492046
         17.47586         0.3828742         0.06914093
         17.56756         0.3152155         0.06160533
         17.65925         0.1220467         0.06199340
         17.75094        -0.1289964         0.06507073
         17.84263        -0.1262868         0.06699345
         17.93433        -0.2012713         0.07457768
         18.02602         0.1799089         0.06828623
         18.11771       -0.04442843         0.06393698
         18.20941         0.2568060         0.07092019
         18.30110     -0.0001809870         0.06686141
         18.39279         0.4648117         0.06545503
         18.48449       -0.06885704         0.07837417
         18.57618      -0.006650367         0.07634147
         18.66787         0.4929835         0.06822719
         18.75956         0.3215693         0.09287297
         18.85126        0.01878696         0.08207822
         18.94295        0.01252040          0.1114739
         19.03464         0.1071970         0.08004118
         19.12634         0.3370825         0.09991142
         19.21803         0.1871853         0.09538191
         19.30972         0.4029933          0.1043314
         19.40141         0.1723206          0.1083359
         19.49311         0.2794952          0.1200384
         19.58480        -0.1238237          0.1218461
         19.67649        -0.1886978          0.1262237
         19.76819       -0.04902572          0.1283319
         19.85988         0.5057750          0.1328504
         19.95157         0.2670513          0.1016572
         20.04326        -0.2768557          0.1106425
         20.13496         0.1600614         0.09772864
         20.22665         0.6996627          0.1100905
         20.31834         0.5996152         0.09809849
         20.41004         0.4287822          0.1017246
         20.50173         0.1050630          0.1060353
         20.59342         0.2566198          0.1027568
         20.68512         0.7749228          0.1193964
         20.77681         0.2391172          0.1275343
         20.86850         0.4059006          0.1279522
         20.96019         0.3880851          0.1287374
         21.05189         0.1901363          0.1462358
