\DATE= 'Mon May 12 21:26:26 2014'
\APERNAME= 'SL2'
\BUNIT= 'MJy/sr'
\CAL_SET= 'irs_2007_02_12-pb-pfc-trim-omeg-lhbiasfork.cal'
\SOFTWARE= 'CUBISM'
\SOFT_VER= 'v1.50 (June-2007)'
\FILENAME= 'ngc206_offset_sl_sl2_cube__fits__SL2_sp.tbl'
\ COMMENT This file contains a spectral extraction created from
\ COMMENT an IRS spectral mapping dataset.
\ Extraction Area:
\ # Poly: 00:40:19.592,+40:45:22.01 ; 00:40:17.629,+40:44:59.84
\ #       00:40:20.726,+40:44:24.41 ; 00:40:22.690,+40:44:46.57
|   WAVELENGTH    |      FLUX       | FLUX_UNCERTAINTY |
|      real       |      real       |       real       |
|       um        |     MJy/sr      |      MJy/sr      |
         5.242817        -0.6275098          0.4519453
         5.273802         -1.429480          0.4900455
         5.304788         -1.159039          0.4549143
         5.335773         0.3478782          0.4141669
         5.366758         -1.804256          0.3796993
         5.397744         -1.670523          0.3652187
         5.428729        -0.9047148          0.3382683
         5.459714        -0.4452594          0.2843187
         5.490700        -0.8304823          0.2774087
         5.521685        -0.2563752          0.2642831
         5.552670         0.6413886          0.2595878
         5.583656        -0.4122672          0.2613040
         5.614641         -1.201690          0.2767816
         5.645627       -0.04266691          0.2674911
         5.676612        -0.3250343          0.2646247
         5.707598        -0.6035320          0.2626376
         5.738583        -0.5701354          0.2585898
         5.769568        -0.9040228          0.2652304
         5.800553        -0.4914314          0.2905098
         5.831539        -0.9591157          0.3152204
         5.862525        -0.1874907          0.3130152
         5.893510        -0.5484238          0.3454871
         5.924495        -0.2108455          0.3366162
         5.955481        -0.5345357          0.3641486
         5.986466        -0.5693531          0.3710642
         6.017451         0.6919488          0.3707967
         6.048437       -0.07095976          0.3362897
         6.079422          2.000008          0.3204907
         6.110407          1.235406          0.2689447
         6.141393         0.4157121          0.2755914
         6.172378         0.7540632          0.2702326
         6.203363         0.4958942          0.2644379
         6.234349         0.8249642          0.2374380
         6.265334         0.7389807          0.2361096
         6.296319          1.191389          0.2328358
         6.327305         0.2372976          0.2565895
         6.358290         0.2808792          0.2431959
         6.389276         0.7941676          0.2593076
         6.420261        -0.3434273          0.2453218
         6.451246        -0.6082163          0.2528361
         6.482232          1.533054          0.2571722
         6.513217          1.174247          0.2822321
         6.544202         0.2922384          0.3231479
         6.575188         0.4679258          0.3485570
         6.606173         0.5921956          0.3624063
         6.637158          1.486290          0.3664295
         6.668144          1.079236          0.3770987
         6.699129         0.1595753          0.3825061
         6.730114         -1.108422          0.3535923
         6.761100         0.2394581          0.3366826
         6.792085          1.904410          0.3477063
         6.823071         0.9433450          0.3639486
         6.854056         0.5408861          0.3278399
         6.885041         0.8034481          0.3258964
         6.916027         0.8546612          0.3344800
         6.947012          1.709660          0.3242495
         6.977998         0.2381087          0.3260801
         7.008983          1.114460          0.3393394
         7.039968          1.512796          0.3318700
         7.070954         0.5073127          0.3343703
         7.101939        0.03881254          0.3323676
         7.132924         0.7013206          0.3291061
         7.163910          2.147523          0.3581564
         7.194895          1.911182          0.3881555
         7.225881          1.765070          0.3938996
         7.256866         0.7023259          0.4303159
         7.287851          1.798954          0.4695648
         7.318837          2.728556          0.5055123
         7.349822          1.420970          0.5169751
         7.380807          1.662974          0.5426324
         7.411793          1.403101          0.5284616
         7.442778         0.9507905          0.5276975
         7.473763         0.5258325          0.5219733
         7.504749         0.4306494          0.5220473
         7.535734          2.157033          0.5419623
         7.566720          3.341287          0.5533566
         7.597705          1.623343          0.6776178
