# ID PAH8eqw PAH8eqw_unc NeII NeII_unc NeIII NeIII_unc SIII SIII_unc SIV SIV_unc RHI RHI_unc 12plogOH 12plogOH_unc
# last 3 lines added from dh_codes/Dimuthu_M31_Atomic_lines/englbrt copy 2
Haro11 1.34 0.116 0.329 0.0166 1.27 0.0635 0.594 0.0303 0.582 0.0292 0.6413017778412602 0.043756676863685964 7.92 0.06
He2_10 4.27 0.346 3.84 0.192 1.21 0.061 3.63 0.182 0.366 0.0184 -0.6829491033424848 0.043579053189605914 8.55 0.1
IIZw40 1.11 0.0949 0.0655 0.0039 1.48 0.0741 0.613 0.0308 1.59 0.0796 1.359020161045196 0.04568936361372383 8.11 0.05
IZw18 0.711 0.307 0.001 0.0003 0.0077 0.0009 0.0053 0.0009 0.0043 0.0004 0.726507505509491 0.163054021673119 7.19 0.06
Mrk1450 1.31 0.206 0.0134 0.001 0.105 0.0056 0.0565 0.0034 0.0687 0.0041 0.8691197988522537 0.05420060287559732 7.99 0.05
Mrk162 1.22 0.102 0.0366 0.002 0.18 0.0093 0.0682 0.0042 0.0767 0.004 0.7411943913955243 0.047873541049087004 8.19 0.06
Mrk206 3.6 0.324 0.143 0.0078 0.159 0.0085 0.151 0.0079 0.0631 0.0053 0.07866194886895715 0.05425031210370003 8.04 0.19
Mrk25 6.41 0.531 0.144 0.0073 0.0571 0.0031 0.152 0.0078 0.0184 0.0014 -0.5703135462235374 0.05124131229211935 8.68 0.1
Mrk331 10.7 0.834 1.44 0.0721 0.16 0.0088 0.534 0.0268 0.0772 0.0045 -0.7856611805069904 0.046436890951526755 8.76 0.1
Mrk930 3.48 0.382 0.0505 0.0029 0.202 0.0102 0.0883 0.0049 0.113 0.0059 0.7406530101896036 0.04684995825226205 8.11 0.05
NGC1140 3.49 0.275 0.153 0.0078 0.486 0.0244 0.275 0.014 0.168 0.0085 0.43689392365987134 0.04398463675490678 8.32 0.06
NGC1569 1.87 0.193 0.321 0.018 3.07 0.154 1.37 0.0698 1.6 0.0805 0.8985622097807764 0.04507718635629895 8.13 0.12
NGC1614 7.37 0.581 2.81 0.141 0.471 0.0264 0.858 0.0445 0.148 0.0088 -0.635790908626553 0.04731380309454708 8.69 0.1
NGC2146 27.4 2.16 13.7 0.685 2.01 0.101 5.23 0.262 0.631 0.0328 -0.7873553952702397 0.04391026913298943 8.68 0.1
NGC2782 8.47 0.668 0.918 0.0461 0.484 0.0246 0.65 0.0328 0.0962 0.0056 -0.43949190461639864 0.045601345067173144 8.59 0.1
NGC2903 11.4 0.932 2.05 0.103 0.139 0.0074 0.665 0.0335 0.089 0.005 -0.9193805249408011 0.04562695074141977 8.68 0.05
NGC3077 7.85 0.662 0.39 0.0197 0.223 0.0113 0.634 0.0318 0.0275 0.0029 -0.8429575575898307 0.05943696306792669 8.6 0.1
NGC3079 11.98 1.46 2.44 0.122 0.43 0.00222 0.469 0.0241 0.173 0.0106 -0.3641308096527389 0.04099264119671079 8.57 0.11
NGC3125 2.58 0.21 0.152 0.0078 0.811 0.0407 0.545 0.0276 0.553 0.0278 0.7235882500653559 0.043925583814667886 8.34 0.08
NGC3256 10.2 0.816 6.44 0.322 0.893 0.0461 3.04 0.152 0.22 0.0126 -0.9749734174370054 0.04540473037945275 8.73 0.1
NGC3310 6.8 0.549 0.546 0.0274 0.641 0.0322 0.6 0.0303 0.16 0.0082 -0.06365200809785782 0.043871833540507395 8.18 0.12
NGC3367 0.275 0.00233 0.423 0.00213 0.0424 0.000246 0.65 0.0328 0.0962 0.00557 -0.7999805002291385 0.033499117875080406 8.62 0.1
NGC4194 9.49 0.769 2.15 0.108 0.715 0.0361 1.17 0.0586 0.184 0.0094 -0.5187269596591964 0.04381236342768636 8.67 0.12
NGC4214 9.13 0.941 0.0809 0.0045 0.0768 0.0047 0.0531 0.0039 0.12 0.0067 0.623434861932883 0.05377216887776947 8.36 0.1
NGC4449 2.71 0.224 0.163 0.0083 0.279 0.014 0.238 0.012 0.0719 0.004 0.06102832676265271 0.04499395245611457 8.23 0.16
NGC5953 7.01 0.544 1.06 0.053 0.245 0.0124 0.41 0.0207 0.0996 0.0055 -0.44854425990398805 0.044809241599447186 8.67 0.1
NGC7714 3.93 0.327 0.972 0.0487 0.613 0.031 1.01 0.0506 0.192 0.0097 -0.31470880981641325 0.043681159527488245 8.26 0.1
POX4 0.831 0.0759 0.0095 0.0007 0.162 0.0082 0.0518 0.0028 0.193 0.0097 1.4221654685442988 0.05031272531253721 7.96 0.08
Tol2 3.62 0.989 0.0191 0.0016 0.102 0.0052 0.0729 0.0039 0.0382 0.0027 0.49705871158614484 0.0573703563098773 8.22 0.06
UGC4393 7.61 0.682 0.0478 0.0028 0.0438 0.003 0.0305 0.0031 0.0164 0.0015 0.12315287381971086 0.07107369391905469 7.95 0.15
UM420 2.02 0.171 0.0251 0.0023 0.0638 0.0041 0.0522 0.0048 0.0491 0.0043 0.53656816002542 0.07346227958795229 7.97 0.06
UM448 5.58 0.448 0.333 0.0168 0.588 0.0295 0.348 0.0178 0.184 0.0095 0.2598250237446441 0.04414070002240889 8.06 0.09
UM462 1.59 0.333 0.0112 0.001 0.111 0.0057 0.0511 0.0029 0.0638 0.0034 0.929208303141533 0.05603411793434708 7.91 0.08
tmp1 0.2410 0.0220 0.0032 0.0003 0.0121 0.0016 0.0047 0.0017 0.0171 0.0010 0.0 0.01 8.5 0.1
tmp2 0.8560 0.2930 0.0065 0.0058 0.0231 0.0026 0.0059 0.0029 0.0576 0.0096 0.0 0.01 8.5 0.1
tmp3 0.8500 0.0898 0.0747 0.0039 0.1450 0.0073 0.1370 0.0070 0.0502 0.0030 0.0 0.01 8.5 0.1
