# ID PAH8eqw  PAH8eqw_unc   12plogOH  12plogOH_unc
NGC3079 11.98 1.46 8.57 0.11
NGC3367 0.275 0.00233 8.62 0.10
NGC2146 27.4 2.16 8.68 0.1
NGC2903 11.4000 0.9320 8.68 0.05
NGC3256 10.2000 0.8160 8.73 0.1
Mrk331 10.7000 0.8340 8.76 0.10
SHOC391  0.00928  0.00149  8.06  0.05
SBS0335 0.241  0.022  7.1  0.08
IZw18 0.711    0.307  7.19  0.06
POX4 0.831  0.0759  7.96  0.08
NGC4670 0.85  0.0898  8.38  0.1
Tol2138 0.856  0.293  8.01  0.05
IIZw40 1.11  0.0949  8.11  0.05
Mrk162 1.22  0.102  8.19  0.06
Mrk1450 1.31  0.206  7.99  0.05
Haro11 1.34  0.116  7.92  0.06
UM462 1.59  0.333  7.91  0.08
NGC1569 1.87  0.193  8.13  0.12
UM420 2.02  0.171  7.97  0.06
NGC3125 2.58  0.21  8.34  0.08
NGC4449 2.71  0.224  8.23  0.16
Mrk930 3.48  0.382  8.11  0.05
NGC1140 3.49  0.275  8.32  0.06
Mrk206  3.6  0.324  8.04  0.19
Tol2 3.62  0.989  8.22  0.06
NGC7714 3.93  0.327  8.26  0.1
He2_10 4.27  0.346  8.55  0.1
IC342 5.09  0.412  8.85  0.05
UM448 5.58  0.448  8.06  0.09
Mrk25 6.41  0.531  8.68  0.1
NGC3310 6.8  0.549  8.18  0.12
NGC5953 7.01  0.544  8.67  0.1
NGC1614 7.37  0.581  8.69  0.1
UGC4393 7.61  0.682  7.95  0.15
NGC3077 7.85  0.662  8.6  0.1
NGC5253 8.37  0.677  8.19  0.08
NGC5236 8.39  0.678  8.62  0.1
NGC2782 8.47  0.668  8.59  0.1
NGC4214 9.13  0.941  8.36  0.1
NGC4194 9.49  0.769  8.67  0.12
