# ID PAH6.2eqw PAH6.2eqw_unc PAH7.7eqw PAH7.7eqw_unc PAH8.6eqw PAH8.6eqw_unc PAH11.3eqw PAH11.3eqw_unc PAH12.7eqw PAH12.7eqw_unc 12plogOH 12plogOH_unc SIV SIV_unc NeII NeII_unc NeIII NeIII_unc SIII SIII_unc RHI RHI_unc
# ID PAH6.2eqw PAH6.2eqw_unc PAH7.7eqw PAH7.7eqw_unc PAH8.6eqw PAH8.6eqw_unc PAH11.3eqw PAH11.3eqw_unc PAH12.7eqw PAH12.7eqw_unc 12plogOH 12plogOH_unc
# ID SIV   SIV_unc NeII    NeII_unc NeIII NeIII_unc SIII  SIII_unc
Ho602 1.21 0.15 6.09 0.62 3.8 0.23 3.92 0.34 0.89 0.16 8.76 0.06 0.34 0.12 2.3 0.16 nan nan 1.54 0.13 -0.3265460499948487 0.17595999089351877
N5447 0.29 0.12 1.31 0.25 0.29 0.09 0.3 0.08 0.16 0.06 8.45 0.04 3.33 0.1 1.61 0.2 4.27 0.56 5.41 0.64 0.4003061045323899 0.05733851121855302
N5455 1.12 0.04 2.83 0.21 0.82 0.03 0.75 0.04 0.31 0.03 8.25 0.03 3.08 0.09 3.85 0.15 11.19 3.19 7.93 1.68 0.26221392656436865 0.09630528660312698
N5461 0.99 0.04 2.07 0.14 0.36 0.03 0.34 0.03 0.16 0.03 8.5 0.05 28.39 0.81 27.32 1.54 56.09 5.82 60.56 3.94 0.25127619806674517 0.03535349119683049
N5462 1.36 0.1 4.35 0.53 0.99 0.14 1.37 0.21 0.95 0.21 8.37 0.07 2.75 1.21 4.34 7.83 6.5 1.95 7.46 1.49 0.10032096798767161 0.4300674810609564
N5471 0.0 0.0 1.6 0.14 0.32 0.07 0.21 0.07 0.04 0.02 8.09 0.03 12.92 0.73 0.96 0.29 20.63 2.33 8.47 1.38 1.1659834890961946 0.09161618971254744
Nuc 1.44 0.03 4.91 0.14 1.17 0.04 1.9 0.07 1.18 0.07 8.76 0.06 nan nan 7.57 0.51 1.2 0.25 4.5 0.51 -0.8777784032618088 0.05623021205288669
SRL5 1.47 0.05 4.85 0.26 1.36 0.06 1.81 0.09 0.78 0.08 8.55 0.16 0.18 0.015 4.13 0.16 0.16 0.11 4.01 0.18 -1.4157338098385703 0.1529077605777738
