\DATE= 'Mon Mar 17 20:45:26 2014'
\APERNAME= 'SL2'
\BUNIT= 'MJy/sr'
\CAL_SET= 'irs_2008_04_25-pb-pfc-trim-omeg-lhllbiasfork.cal'
\SOFTWARE= 'CUBISM'
\SOFT_VER= 'v1.6 (Nov-2008)'
\FILENAME= 'm31nuc_sl2_nucUP.tbl'
\ COMMENT This file contains a spectral extraction created from
\ COMMENT an IRS spectral mapping dataset.
\ Extraction Area:
\ # Poly: 00:42:45.300,+41:15:52.80 ; 00:42:44.715,+41:15:46.32
\ #       00:42:45.289,+41:15:39.72 ; 00:42:45.875,+41:15:46.20
|   WAVELENGTH    |      FLUX       | FLUX_UNCERTAINTY |
|      real       |      real       |       real       |
|       um        |     MJy/sr      |      MJy/sr      |
         5.242817          31.22898           2.419429
         5.273802          33.13828           2.675088
         5.304788          31.37521           2.599971
         5.335773          29.56308           2.390950
         5.366758          29.43054           2.682827
         5.397744          28.32770           2.762389
         5.428729          29.50401           2.590935
         5.459714          30.51849           2.135710
         5.490700          26.59345           1.725593
         5.521685          26.35996           1.297761
         5.552670          27.96990           1.147160
         5.583656          26.39974           1.038765
         5.614641          26.46910           3.300380
         5.645627          25.38112           1.980664
         5.676612          23.15580           2.654365
         5.707598          22.22254           1.668185
         5.738583          22.74973           1.216463
         5.769568          23.47825           1.472736
         5.800553          25.08159           1.392933
         5.831539          26.88857           1.554852
         5.862525          27.43377           1.510471
         5.893510          28.14791           1.400506
         5.924495          27.51448           1.409218
         5.955481          27.54460           1.553806
         5.986466          27.64590           1.839163
         6.017451          27.63842           1.870480
         6.048437          28.75336           1.872449
         6.079422          28.84726           1.601248
         6.110407          26.00803           1.810839
         6.141393          27.23324           1.840728
         6.172378          27.93097           1.575246
         6.203363          27.10211           2.330774
         6.234349          26.83318           2.206962
         6.265334          26.27473           1.675204
         6.296319          25.06926          0.9486358
         6.327305          27.81897           2.853961
         6.358290          28.17734           1.770727
         6.389276          26.01912          0.9271892
         6.420261          25.46888          0.9869599
         6.451246          25.96466           1.082985
         6.482232          25.66286           1.055826
         6.513217          24.84225           1.336676
         6.544202          24.99909           2.130411
         6.575188          25.83394           1.681815
         6.606173          26.77615           1.608806
         6.637158          26.33115           1.645316
         6.668144          24.32338           1.816062
         6.699129          21.24719           1.958521
         6.730114          21.30747           1.750866
         6.761100          23.09751           1.773228
         6.792085          22.15289           2.516769
         6.823071          22.27002           1.980735
         6.854056          24.19411           2.273432
         6.885041          22.96306           2.174716
         6.916027          22.97815           2.149508
         6.947012          22.06027           1.849043
         6.977998          19.65228           2.441996
         7.008983          19.32477           2.651331
         7.039968          21.48324           2.083887
         7.070954          26.27013           3.713915
         7.101939          22.29105           2.220567
         7.132924          20.53063           1.335320
         7.163910          21.60223           1.379621
         7.194895          19.45915           1.698785
         7.225881          15.43954           2.732979
         7.256866          15.76457           2.271384
         7.287851          18.29739           3.071867
         7.318837          19.35431           2.632420
         7.349822          21.04459           2.433002
         7.380807          21.60138           2.603339
         7.411793          22.18068           2.517421
         7.442778          23.44112           2.833141
         7.473763          23.66100           2.328188
         7.504749          20.89232           2.961706
         7.535734          20.53702           3.371822
         7.566720          24.74855           3.589362
         7.597705          27.30744           4.530318
