         258           3           5
Thu Jul 16 13:11:00 2015
m31nuc_nucUP_correct.dat
M31 nucleus north region small aperture
wave (um), flux (MJy/sr), unc (MJy/sr)
aperture is 9"x9"
       5.2428170        42.806720       0.96902390
       5.2738020        43.412570       0.96998380
       5.3047880        42.464010        1.2100190
       5.3357730        41.131390        1.0117150
       5.3667580        37.298080        1.1199860
       5.3977440        40.915120        1.1190900
       5.4287290        40.622980       0.98787530
       5.4597140        40.916020       0.80569860
       5.4907000        41.075190       0.70201950
       5.5216850        38.127430       0.84654830
       5.5526700        38.104090       0.94640700
       5.5836560        40.222900       0.84867160
       5.6146410        38.864190        1.1065770
       5.6456270        39.280200        1.1223370
       5.6766120        39.305370        1.3109230
       5.7075980        37.582070        1.1055410
       5.7385830        38.859780        1.1656500
       5.7695680        37.452430        1.0223040
       5.8005530        39.390180        1.1029730
       5.8315390        35.448420       0.98305630
       5.8625250        37.641090       0.86482300
       5.8935100        39.428830       0.88219980
       5.9244950        39.861340       0.91676270
       5.9554810        36.626130       0.80578660
       5.9864660        36.507230       0.90730690
       6.0174510        38.077270       0.97572590
       6.0484370        36.255920       0.84279660
       6.0794220        37.549450       0.78491750
       6.1104070        36.925290       0.73284710
       6.1413930        37.170640       0.77933190
       6.1723780        38.485540       0.83651160
       6.2033630        40.074870       0.73470810
       6.2343490        37.135010       0.80367390
       6.2653340        37.224330       0.86901690
       6.2963190        36.512900       0.88590990
       6.3273050        35.410260        1.0285020
       6.3582900        36.017740        1.0522190
       6.3892760        35.177940        1.0013390
       6.4202610        33.654650        1.0363740
       6.4512460        31.403950        1.0984690
       6.4822320        32.163330        1.0433850
       6.5132170        34.719110       0.94174150
       6.5442020        31.651090        1.0731350
       6.5751880        31.310280        1.1358460
       6.6061730        32.556480        1.1425720
       6.6371580        32.835450        1.0332190
       6.6681440        32.575630        1.0025900
       6.6991290        32.086440        1.2056670
       6.7301140        32.666420        1.0393380
       6.7611000        31.785560       0.86789430
       6.7920850        30.457630       0.98659750
       6.8230710        29.060390       0.92300710
       6.8540560        28.644180        1.0328270
       6.8850410        30.898550        1.0131140
       6.9160270        28.668140        1.0830350
       6.9470120        32.481110        1.0128260
       6.9779980        29.157850        1.0823890
       7.0089830        28.378720        1.1799000
       7.0399680        26.857460        1.2490020
       7.0709540        28.034030        1.1478050
       7.1019390        30.359530        1.3025880
       7.1329240        29.323380        1.3157730
       7.1639100        30.035140        1.2924380
       7.1948950        30.085490        1.2705320
       7.2258810        27.658140        1.4225800
       7.2568660        30.174720        1.2320460
       7.2878510        31.484130        1.2004020
       7.3188370        31.044620        1.1862810
       7.3498220        29.253990        1.1806740
       7.3808070        29.869090        1.3252700
       7.4117930        28.722110        1.4093930
       7.4427780        27.178950        1.1570860
       7.4737630        27.673510        1.1249650
       7.5047490        27.153680        1.2261040
       7.5337060        26.493470       0.89699210
       7.5957990        27.373860       0.73728820
       7.6578940        25.873710        1.1070580
       7.7199880        25.088140       0.80483230
       7.7820820        26.099800       0.91921880
       7.8441760        24.109900       0.68117600
       7.9062710        23.562490       0.73081210
       7.9683650        23.605770       0.82423810
       8.0304580        21.916870       0.82344360
       8.0925540        20.242910       0.86223190
       8.1546480        22.405030       0.78629670
       8.2167420        21.565880       0.77338300
       8.2788360        21.827530       0.80805060
       8.3409300        20.978780       0.74658370
       8.4030250        20.625260       0.69859560
       8.4651180        21.572980       0.63613150
       8.5272130        21.122840       0.56670070
       8.5893070        21.166340       0.56396230
       8.6514020        22.064810       0.59863170
       8.7134950        21.220600       0.51426150
       8.7755900        19.215550       0.58381160
       8.8376850        20.202250       0.44501580
       8.8997780        21.992840       0.44676630
       8.9618720        21.481200       0.51315650
       9.0239670        20.545700       0.50215300
       9.0860610        20.645410       0.51584480
       9.1481550        20.969680       0.46702740
       9.2102490        21.282900       0.43859720
       9.2723440        20.987790       0.57627650
       9.3344380        20.297940       0.49728210
       9.3965320        19.305030       0.51561360
       9.4586260        20.519670       0.59891200
       9.5207200        21.332510       0.56523170
       9.5828150        21.410350       0.61690580
       9.6449090        22.348380       0.65141090
       9.7070030        21.830970       0.55240200
       9.7690970        22.163870       0.47991710
       9.8311920        21.679620       0.55946420
       9.8932860        20.779540       0.45073130
       9.9553800        21.086170       0.48855400
       10.017470        22.070150       0.41081650
       10.079570        21.322400       0.38146750
       10.141660        20.762710       0.38069430
       10.203760        20.023930       0.35988740
       10.265850        20.298920       0.41650820
       10.327950        18.976300       0.35102180
       10.390040        19.721860       0.43393830
       10.452130        21.852700       0.45124700
       10.514230        20.354680       0.45722330
       10.576320        20.580520       0.40382710
       10.638420        20.100430       0.46475510
       10.700510        19.823820       0.37313470
       10.762600        18.849710       0.48132130
       10.824700        19.522950       0.50893570
       10.886790        19.540080       0.53973510
       10.948890        20.544540       0.56702680
       11.010980        20.826610       0.58460580
       11.073080        22.455170       0.68172870
       11.135170        25.082260       0.60111840
       11.197260        26.949740       0.52095170
       11.259360        27.258010       0.54091780
       11.321450        24.886780       0.50834270
       11.383550        24.448260       0.53644380
       11.445640        23.370210       0.49900750
       11.507740        21.845900       0.50359760
       11.569830        20.606500       0.46240950
       11.631920        17.494390       0.50151100
       11.694020        18.781330       0.46858050
       11.756110        18.935130       0.39996890
       11.818210        17.896970       0.47388660
       11.880300        18.404510       0.49932130
       11.942400        17.873510       0.46017330
       12.004490        19.138210       0.48868450
       12.066580        17.833300       0.47725440
       12.128680        18.271020       0.46088020
       12.190770        17.610980       0.56896580
       12.252870        17.715120       0.55539530
       12.314960        17.380000       0.54552290
       12.377050        16.271310       0.60538660
       12.439150        17.123580       0.53747060
       12.501240        17.732230       0.63247320
       12.563340        17.528180       0.54772750
       12.625430        18.512890       0.62306000
       12.687530        17.890510       0.64282170
       12.749620        18.538580       0.61366470
       12.811710        20.360300       0.51713210
       12.873810        19.544390       0.50160860
       12.935900        16.931270       0.50632970
       12.998000        16.707250       0.54913870
       13.060090        16.181130       0.43722480
       13.122180        16.633790       0.57085410
       13.184280        15.827440       0.56318190
       13.246370        15.683410       0.48043020
       13.308470        15.333620       0.50811640
       13.370560        14.583160       0.45479730
       13.432660        14.427950       0.49927050
       13.494750        14.932140       0.57032720
       13.556840        14.352330       0.50134380
       13.618940        16.276030       0.49155140
       13.681030        15.030670       0.60150560
       13.743130        15.625040       0.76886590
       13.805220        14.915990       0.63709000
       13.867320        16.556510       0.68507300
       13.929410        15.261710       0.64590430
       13.991500        14.385270       0.76700680
       14.053600        16.258010       0.76540180
       14.115690        15.443080       0.73064800
       14.177790        13.758590       0.78876390
       14.239880        14.289310       0.74342200
       14.301980        14.991060       0.67472430
       14.364070        14.715120       0.73321000
       14.426160        14.021770       0.60981330
       14.488260        14.395340       0.62953310
       14.541690        13.677040       0.33354210
       14.633380        14.107430       0.31640210
       14.725080        13.892890       0.33806210
       14.816770        13.632060       0.35762890
       14.908460        13.742130       0.38540950
       15.000150        13.466680       0.29954650
       15.091850        13.279200       0.28010400
       15.183540        13.890410       0.32784590
       15.275230        13.402440       0.37418630
       15.366930        13.222620       0.32444470
       15.458620        16.618950       0.29138350
       15.550310        22.255300       0.33095590
       15.642000        17.095000       0.30440530
       15.733700        13.087160       0.28851970
       15.825390        14.010110       0.32082300
       15.917080        13.592810       0.32100360
       16.008780        13.393360       0.38058760
       16.100470        13.171510       0.36756020
       16.192160        13.860230       0.36275800
       16.283860        14.235730       0.40523560
       16.375550        15.386090       0.38390490
       16.467240        14.652880       0.37350030
       16.558930        13.712920       0.34707250
       16.650630        14.427390       0.39836730
       16.742320        15.336940       0.35709530
       16.834010        14.523730       0.37218930
       16.925700        15.551400       0.33377000
       17.017400        16.291770       0.33584090
       17.109090        15.251810       0.33101210
       17.200780        14.318290       0.31796680
       17.292480        15.145580       0.36325350
       17.384170        14.719360       0.37061990
       17.475860        14.709390       0.30620080
       17.567560        14.317480       0.29679940
       17.659250        13.645810       0.29152030
       17.750940        13.659650       0.29800710
       17.842630        13.795740       0.36892080
       17.934330        13.806380       0.31193160
       18.026020        14.009940       0.32638530
       18.117710        13.142890       0.31853320
       18.209410        12.070690       0.32696410
       18.301100        12.830840       0.33473440
       18.392790        13.280460       0.30701700
       18.484490        12.525900       0.31685430
       18.576180        11.104700       0.32154640
       18.667870        16.950670       0.33590460
       18.759560        15.882760       0.38196790
       18.851260        13.478500       0.34798280
       18.942950        12.177740       0.36119920
       19.034640        12.958060       0.34559200
       19.126340        13.118570       0.45552470
       19.218030        12.911930       0.43720760
       19.309720        12.989620       0.46548050
       19.401410        12.928630       0.51125840
       19.493110        12.805940       0.59398090
       19.584800        10.363700       0.59317710
       19.676490        12.897960       0.54720490
       19.768190        11.759460       0.53672580
       19.859880        12.852470       0.66963850
       19.951570        12.714610       0.52251080
       20.043260        10.761850       0.49332950
       20.134960        12.607940       0.54658870
       20.226650        11.749610       0.47381560
       20.318340        11.505300       0.44169080
       20.410040        10.873890       0.50144820
       20.501730        10.955400       0.50672410
       20.593420        11.774660       0.52915330
       20.685120        11.414550       0.57449490
       20.776810        11.032710       0.59537340
       20.868500        9.9629880       0.58449070
       20.960190        11.007770       0.52126380
