|   WAVELENGTH    |      FLUX       | FLUX_UNCERTAINTY |
|      real       |      real       |       real       |
         5.242817          13.45823          0.8937437
         5.273802          13.37628          0.9364095
         5.304788          13.18590          0.7829100
         5.335773          12.83858          0.6822858
         5.366758          13.38183          0.6459776
         5.397744          12.21829          0.6504471
         5.428729          13.03310          0.5918694
         5.459714          12.13617          0.5826054
         5.490700          12.94474          0.5023773
         5.521685          11.77877          0.4525375
         5.552670          12.61562          0.4945083
         5.583656          13.02659          0.4938579
         5.614641          11.76663          0.4713903
         5.645627          11.54407          0.4972663
         5.676612          11.50886          0.5494358
         5.707598          12.01263          0.5211104
         5.738583          12.22385          0.5985302
         5.769568          10.71319          0.6169779
         5.800553          11.78219          0.6287271
         5.831539          12.27662          0.6325184
         5.862525          11.70518          0.5725952
         5.893510          12.01624          0.5833247
         5.924495          11.79032          0.5449054
         5.955481          9.923677          0.5209790
         5.986466          12.27970          0.5017729
         6.017451          11.92458          0.5175698
         6.048437          11.29942          0.5048860
         6.079422          10.94006          0.5108753
         6.110407          10.85603          0.4355644
         6.141393          11.50167          0.4399083
         6.172378          12.00148          0.4928845
         6.203363          11.98476          0.4635199
         6.234349          12.22911          0.4452714
         6.265334          11.88476          0.5055932
         6.296319          11.37114          0.5168678
         6.327305          11.87396          0.5739675
         6.358290          11.68506          0.6016852
         6.389276          10.92898          0.6138095
         6.420261          11.17322          0.6158531
         6.451246          11.60517          0.6054172
         6.482232          10.90627          0.5715060
         6.513217          9.523145          0.6060201
         6.544202          10.68371          0.6211756
         6.575188          10.32403          0.6503429
         6.606173          10.45162          0.6266964
         6.637158          10.35795          0.5566667
         6.668144          10.56073          0.5306812
         6.699129          10.22949          0.4943295
         6.730114          11.31415          0.5194574
         6.761100          9.840775          0.5091449
         6.792085          8.886032          0.5355300
         6.823071          10.00262          0.5531536
         6.854056          10.56639          0.6364918
         6.885041          9.907753          0.5676625
         6.916027          9.765856          0.5898798
         6.947012          11.23485          0.6377852
         6.977998          10.37735          0.6924813
         7.008983          10.27389          0.6956528
         7.039968          10.31134          0.7372184
         7.070954          9.632069          0.7521873
         7.101939          8.713674          0.7399818
         7.132924          9.224993          0.7562439
         7.163910          10.25795          0.7456047
         7.194895          8.257830          0.7933603
         7.225881          8.921376          0.8381632
         7.256866          9.073429          0.9836258
         7.287851          11.11414          0.9760458
         7.318837          11.62956           1.033677
         7.349822          8.224950          0.9709116
         7.380807          8.785328          0.9665364
         7.411793          10.11644          0.9635282
         7.442778          8.438598          0.9629697
         7.473763          9.645011           1.046503
         7.504749          11.88935           1.006726
         7.533706          9.723690          0.6602950
         7.595799          9.824298          0.6262324
         7.657894          10.07372          0.5749322
         7.719988          9.193327          0.6381347
         7.782082          8.992636          0.4442458
         7.844176          10.16646          0.4332336
         7.906271          8.902715          0.4405801
         7.968365          8.360400          0.3724001
         8.030458          9.448883          0.3785632
         8.092554          9.757051          0.3658543
         8.154648          7.415549          0.3869956
         8.216742          8.358294          0.3394045
         8.278836          7.912798          0.3485547
         8.340930          7.919873          0.3380798
         8.403025          8.399076          0.3250806
         8.465118          7.997094          0.3880990
         8.527213          8.714038          0.3536971
         8.589307          8.531552          0.3859041
         8.651402          8.755790          0.3809948
         8.713495          8.840042          0.3744736
         8.775590          8.751960          0.3611642
         8.837685          8.288552          0.3384936
         8.899778          7.882303          0.3155440
         8.961872          7.982581          0.3222848
         9.023967          7.880520          0.3182211
         9.086061          7.358396          0.3248648
         9.148155          8.303829          0.2879949
         9.210249          7.797250          0.2718777
         9.272344          8.427170          0.2761643
         9.334438          8.765638          0.2800489
         9.396532          8.256474          0.2586056
         9.458626          8.726649          0.2870325
         9.520720          8.711312          0.2633541
         9.582815          8.650191          0.2500060
         9.644909          9.167105          0.2401961
         9.707003          10.50122          0.2429358
         9.769097          9.918864          0.2414389
         9.831192          8.562945          0.2549740
         9.893286          8.811756          0.2629553
         9.955380          8.692424          0.2711628
         10.01747          8.754480          0.2775835
         10.07957          8.719129          0.2816610
         10.14166          8.203579          0.2850769
         10.20376          8.390191          0.2932872
         10.26585          8.535872          0.3059891
         10.32795          8.361338          0.2813430
         10.39004          8.097438          0.2921017
         10.45213          8.457267          0.2661485
         10.51423          9.096985          0.2578588
         10.57632          8.308246          0.2553879
         10.63842          8.696430          0.2483805
         10.70051          8.395800          0.2466247
         10.76260          8.485149          0.2481870
         10.82470          8.473510          0.2233505
         10.88679          7.684993          0.2500853
         10.94889          8.549770          0.2233919
         11.01098          8.510717          0.2427238
         11.07308          8.356255          0.2331991
         11.13517          9.598446          0.2499293
         11.19726          11.01901          0.2488076
         11.25936          12.51642          0.2441544
         11.32145          13.37470          0.2871534
         11.38355          12.97482          0.2693110
         11.44564          10.90629          0.3076574
         11.50774          10.21553          0.2861744
         11.56983          9.855799          0.3286154
         11.63192          9.435421          0.3491036
         11.69402          9.184474          0.3315504
         11.75611          9.187277          0.3231349
         11.81821          8.592294          0.3077351
         11.88030          8.621045          0.2828140
         11.94240          8.457228          0.2733729
         12.00449          8.719099          0.2711949
         12.06658          9.109356          0.2610438
         12.12868          8.452391          0.2897861
         12.19077          8.650379          0.2511050
         12.25287          8.293144          0.2648430
         12.31496          8.703666          0.2596377
         12.37705          8.750361          0.2799757
         12.43915          8.441050          0.2434862
         12.50124          8.143315          0.2452271
         12.56334          8.545921          0.2503864
         12.62543          8.251236          0.2474240
         12.68753          8.601741          0.2589625
         12.74962          8.780780          0.2701126
         12.81171          9.040543          0.2748648
         12.87381          11.30734          0.2793972
         12.93590          9.730426          0.3002281
         12.99800          8.121461          0.3137375
         13.06009          7.562141          0.3470893
         13.12218          7.016063          0.3475652
         13.18428          6.725774          0.3571846
         13.24637          7.075103          0.3499105
         13.30847          7.225601          0.3191722
         13.37056          7.200167          0.3111742
         13.43266          6.656953          0.3090377
         13.49475          6.331977          0.3125962
         13.55684          7.063846          0.2780836
         13.61894          7.402087          0.2805278
         13.68103          7.064221          0.2853157
         13.74313          7.343498          0.2796123
         13.80522          6.825843          0.2831272
         13.86732          7.563867          0.2887599
         13.92941          7.011512          0.3079909
         13.99150          6.829095          0.3024166
         14.05360          6.791039          0.3329184
         14.11569          7.840607          0.3794129
         14.17779          7.635808          0.3937606
         14.23988          7.000743          0.4069648
         14.26661          6.942719          0.1081888
         14.35830          6.662374          0.1044535
         14.45000          6.772466         0.09887914
         14.54169          6.577456          0.1012285
         14.63338          6.531980          0.1024409
         14.72508          6.367279          0.1098700
         14.81677          6.356328          0.1001175
         14.90846          6.445299         0.09691951
         15.00015          6.316923         0.08762387
         15.09185          6.263544         0.08723974
         15.18354          6.597089         0.08802722
         15.27523          6.414007         0.08651508
         15.36693          6.461725         0.08507276
         15.45862          6.657563         0.08024999
         15.55031          7.893855         0.07835469
         15.64200          9.885800         0.07870585
         15.73370          8.576254         0.08158478
         15.82539          6.997317         0.08511498
         15.91708          7.100026         0.09628595
         16.00878          6.872093          0.1022561
         16.10047          6.911910          0.1052409
         16.19216          6.884202          0.1098001
         16.28386          7.153486          0.1139135
         16.37555          7.519197          0.1140384
         16.46724          8.051078          0.1155922
         16.55893          8.441402          0.1089214
         16.65063          8.203860          0.1037510
         16.74232          8.225137          0.1112837
         16.83401          8.143962          0.1106633
         16.92570          8.288299          0.1096875
         17.01740          9.006661          0.1003247
         17.10909          10.97211         0.09951135
         17.20078          10.29683          0.1008705
         17.29248          8.905193          0.1085454
         17.38417          8.838135          0.1120519
         17.47586          8.545795          0.1071167
         17.56756          8.325041          0.1053355
         17.65925          8.237795          0.1108921
         17.75094          8.180810          0.1160701
         17.84263          8.172537          0.1251291
         17.93433          8.293668          0.1330813
         18.02602          8.270904          0.1327948
         18.11771          7.890162          0.1351389
         18.20941          7.636519          0.1381417
         18.30110          7.818830          0.1363208
         18.39279          7.675389          0.1433447
         18.48449          7.611007          0.1437166
         18.57618          7.540226          0.1560726
         18.66787          7.983967          0.1619321
         18.75956          9.215264          0.1745241
         18.85126          9.571078          0.1732173
         18.94295          7.954356          0.1800112
         19.03464          7.510743          0.1846835
         19.12634          7.674748          0.1889039
         19.21803          7.699503          0.1935418
         19.30972          7.765397          0.2021862
         19.40141          7.737761          0.1978724
         19.49311          7.311961          0.2185868
         19.58480          7.701173          0.2074595
         19.67649          8.018975          0.2189231
         19.76819          7.851563          0.2277528
         19.85988          7.646288          0.2444417
         19.95157          7.662883          0.2163331
         20.04326          7.830529          0.2340953
         20.13496          7.455380          0.2202135
         20.22665          7.568766          0.2240064
         20.31834          7.718868          0.2236407
         20.41004          7.205451          0.2486675
         20.50173          8.196198          0.2705896
         20.52005          7.624318          0.1604510
         20.69658          7.413249          0.1447271
         20.87322          7.427092          0.1182112
         21.04995          7.262328          0.1043996
         21.22679          7.603605          0.1247301
         21.40373          7.465519          0.1186244
         21.58078          7.429980         0.09969811
         21.75792          7.669162          0.1134932
         21.93517          7.813138          0.1246875
         22.11252          7.752132          0.1045392
         22.28998          7.874277         0.09324658
         22.46754          7.932942         0.09752560
         22.64520          8.025342         0.09980527
         22.82297          8.102403         0.07857773
         23.00084          8.015375         0.06848668
         23.17881          8.302809         0.07255930
         23.35689          8.478299         0.08151400
         23.53507          8.491405         0.07980853
         23.71336          8.656020         0.07070725
         23.89176          8.888132         0.07073365
         24.07026          9.043531         0.07180399
         24.24886          8.994877         0.07660574
         24.42757          9.091362         0.07032319
         24.60638          9.083055         0.06789944
         24.78531          9.086621         0.07032932
         24.96433          9.244999         0.07407556
         25.14346          9.394718         0.07353862
         25.32270          9.566042         0.07231281
         25.50205          9.793977         0.07123481
         25.68150          10.13460         0.07652323
         25.86106          10.52878         0.08168947
         26.04073          11.89932         0.08826450
         26.22051          11.80712         0.07768882
         26.40039          10.79790         0.07327036
         26.58038          10.71826         0.07404329
         26.76048          11.04785         0.08014109
         26.94068          11.32031         0.08919887
         27.12100          11.45516         0.09058101
         27.30142          11.62560         0.08383205
         27.48195          11.94343         0.08432355
         27.66259          11.86422         0.08535998
         27.84334          12.11864         0.09177844
         28.02420          12.69963          0.1060921
         28.20517          13.03287          0.1020524
         28.38625          13.35180         0.09992924
         28.56744          13.18094         0.09599887
         28.74874          13.44948         0.08772853
         28.93015          13.64048         0.09485729
         29.11167          13.96318          0.1139144
         29.29330          13.68783          0.1145772
         29.47504          14.61640          0.1211705
         29.65689          15.60985          0.1109201
         29.83886          15.11499          0.1055625
         30.02094          15.49732          0.1015595
         30.20312          15.53807          0.1030603
         30.38542          16.23327          0.1238111
         30.56783          16.58186          0.1206437
         30.75036          16.64833          0.1254273
         30.93299          16.99506          0.1302931
         31.11574          17.35598          0.1407295
         31.29861          17.49009          0.1449358
         31.48158          17.59925          0.1392027
         31.66467          18.44395          0.1502442
         31.84788          18.82074          0.1599308
         32.03119          18.98104          0.1717757
         32.21462          19.36600          0.1900575
         32.39817          20.20821          0.2149039
         32.58183          19.86670          0.2051006
         32.76560          19.90951          0.1988246
         32.94949          20.79404          0.2163502
         33.13350          21.21130          0.2172784
         33.31762          21.61878          0.2310250
         33.50185          23.15380          0.2476520
         33.68620          25.16894          0.2905720
         33.87067          24.84064          0.3203588
         34.05526          23.51826          0.3543614
         34.23996          24.34851          0.3714906
         34.42477          24.37344          0.3877397
         34.60971          25.04667          0.3849142
         34.79476          27.78636          0.4177417
         34.97993          34.36369          0.4444884
         35.16521          33.95627          0.4240890
         35.35062          26.84678          0.4420106
         35.53614          25.92383          0.5014861
         35.72178          25.82370          0.5899512
         35.90754          26.66879          0.6477909
         36.09341          26.98265          0.6253438
         36.27941          29.18432          0.6604520
         36.46552          29.95743          0.6909958
         36.65176          29.99466          0.7549667
         36.83811          28.02269          0.7418711
