|   WAVELENGTH    |      FLUX       | FLUX_UNCERTAINTY |
|      real       |      real       |       real       |
         5.242817          8.187457          0.5627156
         5.273802          7.185052          0.6574122
         5.304788          7.898129          0.5679229
         5.335773          6.451067          0.5143067
         5.366758          6.822420          0.4557478
         5.397744          7.164795          0.4519120
         5.428729          6.821153          0.4176736
         5.459714          7.967337          0.3630370
         5.490700          9.433060          0.3656290
         5.521685          7.087219          0.3471044
         5.552670          7.685247          0.3410099
         5.583656          8.490315          0.3507282
         5.614641          8.133432          0.3632151
         5.645627          7.106669          0.3676666
         5.676612          8.864732          0.3759661
         5.707598          8.435730          0.3790286
         5.738583          7.698991          0.3917968
         5.769568          8.132660          0.4199187
         5.800553          7.609467          0.4774671
         5.831539          8.059208          0.4474154
         5.862525          7.712489          0.4195929
         5.893510          7.602257          0.4206303
         5.924495          8.674780          0.3935947
         5.955481          9.210178          0.3841034
         5.986466          8.346931          0.3619005
         6.017451          7.757301          0.3654085
         6.048437          7.945468          0.3411517
         6.079422          8.754379          0.3515998
         6.110407          8.012109          0.3230478
         6.141393          7.466637          0.3292783
         6.172378          7.625243          0.3345480
         6.203363          8.644901          0.3432572
         6.234349          8.198104          0.3477429
         6.265334          7.858739          0.3635451
         6.296319          7.875453          0.3903943
         6.327305          8.722859          0.4289222
         6.358290          8.517864          0.4608098
         6.389276          8.003104          0.4561082
         6.420261          8.379791          0.4585960
         6.451246          7.890110          0.4673970
         6.482232          7.478328          0.4398969
         6.513217          7.225917          0.4560669
         6.544202          7.459196          0.4705464
         6.575188          8.300711          0.4861416
         6.606173          8.594440          0.4731413
         6.637158          7.650775          0.4319835
         6.668144          7.387594          0.4063044
         6.699129          7.270079          0.3904985
         6.730114          7.592165          0.4034744
         6.761100          8.244852          0.4365066
         6.792085          8.180625          0.4252990
         6.823071          6.586446          0.4281571
         6.854056          7.480883          0.4322552
         6.885041          7.701502          0.4279383
         6.916027          7.298810          0.4467917
         6.947012          7.987772          0.4708330
         6.977998          7.421843          0.5028278
         7.008983          8.559384          0.5355960
         7.039968          7.252032          0.5565516
         7.070954          6.795460          0.5528287
         7.101939          6.982405          0.5447049
         7.132924          5.767216          0.5687678
         7.163910          6.927052          0.5736825
         7.194895          5.715418          0.5884503
         7.225881          6.730680          0.6432872
         7.256866          7.933956          0.6999254
         7.287851          8.215339          0.7521598
         7.318837          7.113752          0.7695090
         7.349822          7.752488          0.7670476
         7.380807          7.932319          0.7472295
         7.411793          6.850618          0.7078096
         7.442778          7.287423          0.7414996
         7.473763          7.951185          0.7397092
         7.504749          8.567410          0.7401996
         7.533706          8.419642          0.4319992
         7.595799          8.040517          0.3947427
         7.657894          7.769310          0.3758456
         7.719988          7.227065          0.3279883
         7.782082          7.168448          0.3015665
         7.844176          7.378614          0.2834805
         7.906271          7.147927          0.2777670
         7.968365          6.662336          0.2566512
         8.030458          6.955592          0.2484139
         8.092554          6.559384          0.2385162
         8.154648          5.823281          0.2381310
         8.216742          5.996797          0.2383217
         8.278836          5.974736          0.2423967
         8.340930          6.189483          0.2408108
         8.403025          5.635275          0.2256398
         8.465118          6.445461          0.2421937
         8.527213          5.859602          0.2356696
         8.589307          5.677474          0.2510452
         8.651402          5.729529          0.2477011
         8.713495          6.278129          0.2404675
         8.775590          5.584937          0.2319710
         8.837685          5.409038          0.2313233
         8.899778          5.237521          0.2206783
         8.961872          5.800119          0.2204459
         9.023967          5.649874          0.2061042
         9.086061          4.701497          0.1969431
         9.148155          4.989505          0.1940390
         9.210249          5.407659          0.2093131
         9.272344          5.108205          0.1802178
         9.334438          6.123948          0.1841342
         9.396532          6.210262          0.1748344
         9.458626          5.552693          0.1808377
         9.520720          5.509309          0.1682578
         9.582815          5.491526          0.1601070
         9.644909          5.841503          0.1585859
         9.707003          6.481072          0.1624318
         9.769097          5.827903          0.1588797
         9.831192          5.797841          0.1620999
         9.893286          5.626460          0.1708034
         9.955380          5.565331          0.1780452
         10.01747          5.266595          0.1800789
         10.07957          5.054137          0.1903986
         10.14166          5.072062          0.1948968
         10.20376          5.309437          0.1932578
         10.26585          4.842798          0.1968994
         10.32795          5.676271          0.1925125
         10.39004          5.703506          0.1985073
         10.45213          5.268486          0.1856750
         10.51423          5.457983          0.1854691
         10.57632          6.115252          0.1690016
         10.63842          6.313740          0.1690819
         10.70051          5.278988          0.1640673
         10.76260          5.679372          0.1608046
         10.82470          5.655949          0.1530749
         10.88679          5.306195          0.1614975
         10.94889          5.051833          0.1536281
         11.01098          5.132435          0.1563426
         11.07308          5.381773          0.1628871
         11.13517          6.057387          0.1694084
         11.19726          7.322629          0.1630711
         11.25936          9.679440          0.1655898
         11.32145          9.375621          0.1720913
         11.38355          8.025104          0.1890076
         11.44564          7.148284          0.1959442
         11.50774          6.122627          0.1945394
         11.56983          6.102921          0.2087667
         11.63192          5.908703          0.2224570
         11.69402          5.655749          0.2361378
         11.75611          5.296413          0.2203129
         11.81821          5.136670          0.2119348
         11.88030          5.707166          0.2015020
         11.94240          5.370701          0.1934795
         12.00449          5.258364          0.1885148
         12.06658          5.310320          0.1883910
         12.12868          5.376931          0.1818974
         12.19077          4.723873          0.1791469
         12.25287          5.141245          0.1814131
         12.31496          5.481366          0.1752969
         12.37705          5.438591          0.1810388
         12.43915          5.340162          0.1786677
         12.50124          4.507476          0.1741766
         12.56334          5.027711          0.1748747
         12.62543          5.065703          0.1768280
         12.68753          5.270635          0.1807257
         12.74962          5.649055          0.1841851
         12.81171          6.710497          0.1942162
         12.87381          6.106791          0.2019244
         12.93590          5.057686          0.2144693
         12.99800          4.337258          0.2226012
         13.06009          4.201849          0.2357023
         13.12218          3.614682          0.2633465
         13.18428          3.775552          0.2541472
         13.24637          3.652097          0.2552859
         13.30847          4.006736          0.2410988
         13.37056          3.473619          0.2236633
         13.43266          3.773623          0.2210062
         13.49475          3.901702          0.2209706
         13.55684          3.603052          0.2114213
         13.61894          3.480710          0.2101457
         13.68103          3.699153          0.2030557
         13.74313          3.723917          0.2118911
         13.80522          3.623590          0.2099905
         13.86732          3.928921          0.2068131
         13.92941          3.410075          0.2126341
         13.99150          3.599032          0.2253179
         14.05360          3.579345          0.2394425
         14.11569          3.982172          0.2578246
         14.17779          3.463149          0.2672804
         14.23988          3.570062          0.2835508
         14.26661          3.391726          0.1128944
         14.35830          3.336060          0.1057675
         14.45000          3.343528          0.1041654
         14.54169          3.161849          0.1036321
         14.63338          3.136536          0.1067763
         14.72508          3.089150          0.1081310
         14.81677          3.055556          0.1048593
         14.90846          3.038628          0.1006688
         15.00015          3.146544         0.09185677
         15.09185          3.029388         0.08622066
         15.18354          3.191618         0.08603296
         15.27523          3.176351         0.08795206
         15.36693          3.050385         0.08610123
         15.45862          3.294975         0.08568288
         15.55031          4.570272         0.08291668
         15.64200          4.953910         0.07975904
         15.73370          3.549449         0.08000073
         15.82539          3.235648         0.08589619
         15.91708          3.374572         0.09609777
         16.00878          3.381935          0.1053126
         16.10047          3.257877          0.1091785
         16.19216          3.390983          0.1124309
         16.28386          3.610631          0.1198795
         16.37555          3.875380          0.1234219
         16.46724          4.008924          0.1167147
         16.55893          4.137138          0.1100442
         16.65063          3.914923          0.1091744
         16.74232          3.900905          0.1161865
         16.83401          4.099280          0.1181201
         16.92570          4.174534          0.1221514
         17.01740          5.596709          0.1113605
         17.10909          6.436929          0.1045126
         17.20078          4.849762          0.1064189
         17.29248          4.162022          0.1123260
         17.38417          4.154812          0.1147407
         17.47586          4.078965          0.1135188
         17.56756          3.885100          0.1104391
         17.65925          3.701279          0.1117974
         17.75094          3.793852          0.1197305
         17.84263          3.694144          0.1284873
         17.93433          3.724418          0.1326167
         18.02602          3.615373          0.1346012
         18.11771          3.546911          0.1350643
         18.20941          3.510751          0.1366442
         18.30110          3.322995          0.1414684
         18.39279          3.399006          0.1604398
         18.48449          3.404169          0.1504600
         18.57618          3.348147          0.1584332
         18.66787          3.753453          0.1632291
         18.75956          4.725859          0.1713375
         18.85126          3.902897          0.1749105
         18.94295          3.547228          0.1748684
         19.03464          3.448936          0.1827455
         19.12634          3.519109          0.1977413
         19.21803          3.460600          0.2077925
         19.30972          3.170595          0.2182095
         19.40141          3.025321          0.2132315
         19.49311          3.181272          0.2137588
         19.58480          3.298356          0.2245031
         19.67649          3.467586          0.2367849
         19.76819          3.370234          0.2492141
         19.85988          3.241971          0.2461191
         19.95157          3.369449          0.2453090
         20.04326          3.159446          0.2305447
         20.13496          3.206844          0.2320425
         20.22665          3.096170          0.2365429
         20.31834          3.081669          0.2388511
         20.41004          3.051928          0.2543260
         20.50173          2.946362          0.2559421
         20.52005          2.883109          0.2220606
         20.69658          3.046285          0.2000982
         20.87322          3.280788          0.1540394
         21.04995          3.154030          0.1301624
         21.22679          3.172537          0.1591956
         21.40373          3.172238          0.1499223
         21.58078          3.035458          0.1305556
         21.75792          3.101115          0.1536165
         21.93517          3.181212          0.1500376
         22.11252          3.072339          0.1257913
         22.28998          3.012134          0.1045395
         22.46754          3.135046          0.1332354
         22.64520          3.273798          0.1227052
         22.82297          3.246423         0.09318995
         23.00084          3.123375         0.08214120
         23.17881          3.378101         0.09061348
         23.35689          3.393413         0.09738666
         23.53507          3.536016         0.08747285
         23.71336          3.402782         0.07180825
         23.89176          3.380661         0.06813712
         24.07026          3.355713         0.07495719
         24.24886          3.483104         0.07892834
         24.42757          3.419664         0.07530697
         24.60638          3.528452         0.07129987
         24.78531          3.531192         0.07888045
         24.96433          3.626437         0.08833203
         25.14346          3.678333         0.08751363
         25.32270          3.655349         0.08086828
         25.50205          3.497010         0.08319747
         25.68150          3.897467         0.08484000
         25.86106          4.237766         0.09493066
         26.04073          4.554582         0.09722184
         26.22051          3.871448         0.09211045
         26.40039          3.773876         0.08049145
         26.58038          3.702580         0.08582852
         26.76048          4.100611         0.09433408
         26.94068          3.859544         0.09815752
         27.12100          3.958488         0.09631494
         27.30142          4.045036         0.09350727
         27.48195          4.093932         0.08503061
         27.66259          4.104641         0.08643042
         27.84334          4.178650         0.09861808
         28.02420          4.295704          0.1112034
         28.20517          4.726406          0.1204931
         28.38625          4.736540          0.1188280
         28.56744          4.545475         0.09985835
         28.74874          4.540759         0.09203216
         28.93015          4.617744         0.09725463
         29.11167          4.689666          0.1127068
         29.29330          4.935795          0.1315382
         29.47504          4.823114          0.1315894
         29.65689          4.903415          0.1298688
         29.83886          5.096666          0.1139351
         30.02094          4.971628          0.1040317
         30.20312          5.082894          0.1057511
         30.38542          5.132618          0.1149335
         30.56783          5.095311          0.1267410
         30.75036          5.465788          0.1402944
         30.93299          5.568065          0.1460138
         31.11574          5.528710          0.1581895
         31.29861          5.680299          0.1547814
         31.48158          5.787963          0.1530538
         31.66467          5.852922          0.1610532
         31.84788          6.114415          0.1768608
         32.03119          5.860664          0.1871130
         32.21462          6.090424          0.2225572
         32.39817          6.633923          0.2517070
         32.58183          6.658953          0.2388546
         32.76560          6.653364          0.2245090
         32.94949          6.797196          0.2247053
         33.13350          7.238773          0.2308125
         33.31762          7.456326          0.2653531
         33.50185          8.683879          0.3029049
         33.68620          9.233673          0.3420646
         33.87067          7.450226          0.3647252
         34.05526          7.159994          0.4083965
         34.23996          7.312164          0.3980071
         34.42477          7.925379          0.4126954
         34.60971          8.882004          0.4172298
         34.79476          11.89154          0.4326250
         34.97993          15.74089          0.4840952
         35.16521          10.52670          0.4639961
         35.35062          8.822538          0.5212684
         35.53614          8.772928          0.5970043
         35.72178          8.422410          0.6292365
         35.90754          8.734036          0.6848671
         36.09341          9.188320          0.7084557
         36.27941          8.601468          0.7433872
         36.46552          9.365486          0.7818352
         36.65176          9.645834          0.8379414
         36.83811          9.783765          0.9180303
