8.465118	19.83617
8.527213	19.84025
8.589307	19.95824
8.651402	20.75688
8.713495	20.34289
8.77559	19.27572
8.837685	19.62411
8.899778	20.42698
8.961872	20.52088
9.023967	19.99058
9.086061	19.82071
9.148155	20.01377
9.210249	20.15373
9.272344	20.58225
9.334438	20.62592
9.396532	20.97239
9.458626	20.33532
9.52072	20.56386
9.582815	20.64084
9.644909	21.31419
9.707003	20.93296
9.769097	21.23371
9.831192	21.07868
9.893286	20.66247
9.95538	21.07543
10.01747	20.89197
10.07957	20.42167
10.14166	20.49359
10.20376	20.40079
10.26585	20.15009
10.32795	19.37471
10.39004	19.42292
10.45213	20.39192
10.51423	20.10598
10.57632	19.29752
10.63842	19.69835
10.70051	19.59217
10.7626	19.15859
10.8247	18.6529
10.88679	18.90303
10.94889	19.47184
11.01098	19.06234
11.07308	19.35801
11.13517	19.61674
11.19726	20.45029
11.25936	20.62208
11.32145	19.80672
11.38355	19.27603
11.44564	18.37531
11.50774	18.10618
11.56983	17.10748
11.63192	16.64483
11.69402	16.83811
11.75611	16.77621
11.81821	16.55711
11.8803	16.83843
11.9424	16.79355
12.00449	17.00731
12.06658	16.34675
12.12868	16.44897
12.19077	15.99401
12.25287	15.80862
12.31496	15.48194
12.37705	14.79753
12.43915	15.20176
12.50124	15.27885
12.56334	15.77241
12.62543	15.95248
12.68753	15.55284
12.74962	16.11793
12.81171	16.88199
12.87381	15.87621
12.9359	14.80368
12.998	14.99263
13.06009	14.34423
13.12218	14.36384
13.18428	14.18346
13.24637	13.86251
13.30847	14.07283
13.37056	13.76549
13.43266	13.46168
13.49475	13.62644
13.55684	12.90651
13.61894	13.93708
13.68103	13.94476
13.74313	13.7645
13.80522	14.0789
13.86732	13.72789
13.92941	13.34107
13.9915	13.71631
14.0536	13.31047
14.11569	13.03548
14.17779	13.42401
14.23988	13.99313
14.30198	14.03575
14.36407	12.77103
14.42616	12.91883
14.48826	13.11632
14.54169	13.29468
14.63338	13.19691
14.72508	13.24923
14.81677	12.83043
14.90846	12.96144
15.00015	12.7875
