5.24282 31.22898 2.41943
5.27380 33.13828 2.67509
5.30479 31.37521 2.59997
5.33577 29.56308 2.39095
5.36676 29.43054 2.68283
5.39774 28.32770 2.76239
5.42873 29.50401 2.59093
5.45971 30.51849 2.13571
5.49070 26.59345 1.72559
5.52168 26.35996 1.29776
5.55267 27.96990 1.14716
5.58366 26.39974 1.03876
5.61464 26.46910 3.30038
5.64563 25.38112 1.98066
5.67661 23.15580 2.65436
5.70760 22.22254 1.66819
5.73858 22.74973 1.21646
5.76957 23.47825 1.47274
5.80055 25.08159 1.39293
5.83154 26.88857 1.55485
5.86252 27.43377 1.51047
5.89351 28.14791 1.40051
5.92450 27.51448 1.40922
5.95548 27.54460 1.55381
5.98647 27.64590 1.83916
6.01745 27.63842 1.87048
6.04844 28.75336 1.87245
6.07942 28.84726 1.60125
6.11041 26.00803 1.81084
6.14139 27.23324 1.84073
6.17238 27.93097 1.57525
6.20336 27.10211 2.33077
6.23435 26.83318 2.20696
6.26533 26.27473 1.67520
6.29632 25.06926 0.94864
6.32730 27.81897 2.85396
6.35829 28.17734 1.77073
6.38928 26.01912 0.92719
6.42026 25.46888 0.98696
6.45125 25.96466 1.08299
6.48223 25.66286 1.05583
6.51322 24.84225 1.33668
6.54420 24.99909 2.13041
6.57519 25.83394 1.68182
6.60617 26.77615 1.60881
6.63716 26.33115 1.64532
6.66814 24.32338 1.81606
6.69913 21.24719 1.95852
6.73011 21.30747 1.75087
6.76110 23.09751 1.77323
6.79209 22.15289 2.51677
6.82307 22.27002 1.98073
6.85406 24.19411 2.27343
6.88504 22.96306 2.17472
6.91603 22.97815 2.14951
6.94701 22.06027 1.84904
6.97800 19.65228 2.44200
7.00898 19.32477 2.65133
7.03997 21.48324 2.08389
7.07095 26.27013 3.71392
7.10194 22.29105 2.22057
7.13292 20.53063 1.33532
7.16391 21.60223 1.37962
7.19489 19.45915 1.69878
7.22588 15.43954 2.73298
7.25687 15.76457 2.27138
7.28785 18.29739 3.07187
7.31884 19.35431 2.63242
7.34982 21.04459 2.43300
7.38081 21.60138 2.60334
7.41179 22.18068 2.51742
7.44278 23.44112 2.83314
7.47376 23.66100 2.32819
7.50475 20.89232 2.96171
7.53573 20.53702 3.37182
7.56672 24.74855 3.58936
7.59580 19.87992 1.20051
7.65789 19.54158 1.14779
7.71999 18.48851 1.09477
7.78208 17.47038 0.99215
7.84418 17.21905 0.87239
7.90627 17.57769 0.81119
7.96837 16.85567 0.85593
8.03046 17.10611 0.90104
8.09255 16.94857 0.84988
8.15465 15.12896 0.82840
8.21674 15.00891 0.96636
8.27884 15.45788 0.93519
8.34093 15.43797 0.82025
8.40302 14.18722 0.84125
8.46512 14.17633 0.83906
8.52721 16.23149 0.88909
8.58931 15.71323 0.88871
8.65140 16.73997 0.84747
8.71349 16.49623 0.76247
8.77559 15.82657 0.70522
8.83769 14.60840 0.73395
8.89978 13.66905 0.76337
8.96187 15.12388 0.68228
9.02397 14.13053 0.62837
9.08606 13.22001 0.59030
9.14815 13.48941 0.63283
9.21025 12.32232 0.64307
9.27234 13.28631 0.62350
9.33444 14.40808 0.56257
9.39653 14.37007 0.54984
9.45863 13.38222 0.55334
9.52072 14.04317 0.58230
9.58282 14.33251 0.63527
9.64491 14.56823 0.59467
9.70700 14.39936 0.61260
9.76910 13.70287 0.59204
9.83119 14.28166 0.57548
9.89329 16.10877 0.56180
9.95538 15.92575 0.56462
10.01747 14.71657 0.55902
10.07957 14.18054 0.60241
10.14166 14.09541 0.63609
10.20376 15.13460 0.58530
10.26585 15.11426 0.60666
10.32795 14.96447 0.58915
10.39004 14.22101 0.63004
10.45213 14.87083 0.61485
10.51423 15.23803 0.56965
10.57632 14.60857 0.52349
10.63842 14.89706 0.50011
10.70051 14.61668 0.48804
10.76260 14.39333 0.50398
10.82470 14.20425 0.53453
10.88679 13.47204 0.53187
10.94889 14.88191 0.57668
11.01098 15.17162 0.62178
11.07308 16.08692 0.61057
11.13517 17.31940 0.48636
11.19726 19.55766 0.52674
11.25936 21.60917 0.55169
11.32145 21.56665 0.57274
11.38355 18.75286 0.63740
11.44564 16.84146 0.77559
11.50774 15.57646 0.70710
11.56983 15.29765 0.73231
11.63192 13.41540 0.73485
11.69402 13.08558 0.72231
11.75611 13.36064 0.73536
11.81821 14.27320 0.62674
11.88030 14.83084 0.67617
11.94240 14.77520 0.57843
12.00449 13.50197 0.58710
12.06658 13.36050 0.57661
12.12868 13.70913 0.56956
12.19077 13.06241 0.50646
12.25287 13.57734 0.45526
12.31496 12.91220 0.51624
12.37705 12.55341 0.55592
12.43915 12.92867 0.57775
12.50124 13.14008 0.49781
12.56334 14.18654 0.54248
12.62543 13.43842 0.52643
12.68753 13.78502 0.59242
12.74962 14.63230 0.73098
12.81171 14.54151 0.64196
12.87381 14.21085 0.63573
12.93590 13.27458 0.63954
12.99800 12.69478 0.70897
13.06009 12.80053 0.70554
13.12218 12.64645 0.65929
13.18428 10.86276 0.65674
13.24637 11.14289 0.69842
13.30847 12.59060 0.78877
13.37056 12.30159 0.73458
13.43266 11.06778 0.67157
13.49475 10.22001 0.54807
13.55684 10.20895 0.55960
13.61894 10.18320 0.59652
13.68103 9.67656 0.71474
13.74313 10.14660 0.74465
13.80522 10.77028 0.62999
13.86732 10.19017 0.70127
13.92941 9.99850 0.64571
13.99150 9.62950 0.63257
14.05360 9.11354 0.70319
14.11569 9.68102 0.71523
14.17779 10.39220 0.83802
14.23988 11.33307 0.89712
14.30198 9.98376 0.82305
14.36407 9.50623 0.82995
14.42616 10.63361 0.88925
14.48826 9.59316 0.90931
14.54169 10.81250 0.25411
14.63338 10.76780 0.27402
14.72508 10.80064 0.32137
14.81677 10.01692 0.29211
14.90846 9.91014 0.27073
15.00015 9.69004 0.27549
15.09185 9.71065 0.26176
15.18354 10.33152 0.25682
15.27523 10.18905 0.29136
15.36693 8.07149 0.26708
15.45862 12.24147 0.29753
15.55031 16.70406 0.30088
15.64200 13.73130 0.27336
15.73370 10.91019 0.25155
15.82539 11.00566 0.28655
15.91708 10.95318 0.31780
16.00878 10.26067 0.32937
16.10047 10.00002 0.30422
16.19216 10.34666 0.30991
16.28386 10.52761 0.34725
16.37555 11.21130 0.37940
16.46724 11.33560 0.32687
16.55893 11.34553 0.34297
16.65063 11.13761 0.33843
16.74232 10.68426 0.32736
16.83401 10.80243 0.35256
16.92570 12.15064 0.30886
17.01740 12.28297 0.29500
17.10909 12.13548 0.28347
17.20078 11.49821 0.28380
17.29248 11.31055 0.30939
17.38417 11.46955 0.30570
17.47586 10.86069 0.34434
17.56756 10.42201 0.27876
17.65925 10.83873 0.26228
17.75094 10.64287 0.26751
17.84263 10.05051 0.26143
17.93433 10.38581 0.31676
18.02602 10.00129 0.26666
18.11771 9.53572 0.27426
18.20941 9.63887 0.29042
18.30110 9.72190 0.27959
18.39279 9.74034 0.28165
18.48449 9.49312 0.29444
18.57618 9.66982 0.28327
18.66787 11.68334 0.29654
18.75956 11.55708 0.41395
18.85126 9.56330 0.32885
18.94295 8.63624 0.33366
19.03464 9.16662 0.31397
19.12634 9.30938 0.42257
19.21803 9.09097 0.39822
19.30972 8.85015 0.41971
19.40141 9.60138 0.50059
19.49311 8.61767 0.52518
19.58480 8.74676 0.45885
19.67649 8.86024 0.52492
19.76819 8.82267 0.56276
19.85988 9.10551 0.48497
19.95157 7.89743 0.42638
20.04326 7.93967 0.46077
20.13496 8.04983 0.38657
20.22665 8.02960 0.47448
20.31834 8.94086 0.42283
20.41004 7.39790 0.41375
20.50173 7.63894 0.52165
20.59342 7.95136 0.41577
20.68512 7.32148 0.45555
20.77681 7.69776 0.47194
20.86850 7.59429 0.56085
20.96019 7.88467 0.57053
21.05189 7.50720 0.50545
